GREML,0.6579096,0.26714916517124077,1.0253254,1.1308166689996142,6.631324532998406,1086024
PredLMM,0.6351337,0.06426645078021948,1.0262567,1.1308166689996142,6.633199361000152,1086024
GREML,0.91913414,0.25633727335442247,1.0310594,1.1321064719995775,7.286861447002593,1086064
PredLMM,0.7634955,0.06068406187925938,1.0250535,1.1321064719995775,7.2884065990001545,1086064
GREML,0.91913414,0.25633727335442247,1.0310594,1.1321064719995775,7.286861447002593,1086064
PredLMM,0.7634955,0.06068406187925938,1.0250535,1.1321064719995775,7.2884065990001545,1086064
GREML,0.506943,0.2695860974197221,0.9902961,3.145191972998873,13.89428780399976,1085864
PredLMM,0.8012435,0.059295036311281656,1.0274887,3.145191972998873,13.895792219998839,1085864
GREML,0.8111806,0.2616084147084358,1.0453572,4.120338493998133,10.328044447000138,1085924
PredLMM,0.7447345,0.061274470358024434,1.0243623,4.120338493998133,10.330421968999872,1085924
GREML,0.5651253,0.2690120743768238,0.9789161,1.1752817240012519,7.2809710830006225,1085132
PredLMM,0.72573334,0.061881405138964424,1.0265667,1.1752817240012519,7.282445984001242,1085132
GREML,0.79154706,0.26218813817593517,1.067434,4.6824954099975,11.063590118999855,1085224
PredLMM,0.74866503,0.06117242525467224,1.0243737,4.6824954099975,11.065066582999862,1085224
GREML,0.9936438,0.2517943855165992,1.0788902,3.9827001859994198,10.296803910998278,1085660
PredLMM,0.6869109,0.06299919257856408,1.026041,3.9827001859994198,10.298705626999435,1085660
GREML,0.9936438,0.2517943855165992,1.0788902,3.9827001859994198,10.296803910998278,1085660
PredLMM,0.6869109,0.06299919257856408,1.026041,3.9827001859994198,10.298705626999435,1085660
GREML,0.73838866,0.2644521737534181,0.971958,4.1753564219980035,10.321124454996607,1085196
PredLMM,0.83116454,0.05807511917422506,1.0262544,4.1753564219980035,10.322641755999939,1085196
