1 1 1
2 2 1
3 3 1
4 4 1
5 5 1
6 6 1
7 7 1
8 8 1
9 9 1
10 10 1
11 11 1
12 12 1
13 13 1
14 14 1
15 15 1
16 16 1
17 17 1
18 18 1
19 19 1
20 20 1
21 21 1
22 22 1
23 23 1
24 24 1
25 25 1
26 26 1
27 27 1
28 28 1
29 29 1
30 30 1
31 31 1
32 32 1
33 33 1
34 34 1
35 35 1
36 36 1
37 37 1
38 38 1
39 39 1
40 40 1
41 41 1
42 42 1
43 43 1
44 44 1
45 45 1
46 46 1
47 47 1
48 48 1
49 49 1
50 50 1
51 51 1
52 52 1
53 53 1
54 54 1
55 55 1
56 56 1
57 57 1
58 58 1
59 59 1
60 60 1
61 61 1
62 62 1
63 63 1
64 64 1
65 65 1
66 66 1
67 67 1
68 68 1
69 69 1
70 70 1
71 71 1
72 72 1
73 73 1
74 74 1
75 75 1
76 76 1
77 77 1
78 78 1
79 79 1
80 80 1
81 81 1
82 82 1
83 83 1
84 84 1
85 85 1
86 86 1
87 87 1
88 88 1
89 89 1
90 90 1
91 91 1
92 92 1
93 93 1
94 94 1
95 95 1
96 96 1
97 97 1
98 98 1
99 99 1
100 100 1
101 101 1
102 102 1
103 103 1
104 104 1
105 105 1
106 106 1
107 107 1
108 108 1
109 109 1
110 110 1
111 111 1
112 112 1
113 113 1
114 114 1
115 115 1
116 116 1
117 117 1
118 118 1
119 119 1
120 120 1
121 121 1
122 122 1
123 123 1
124 124 1
125 125 1
126 126 1
127 127 1
128 128 1
129 129 1
130 130 1
131 131 1
132 132 1
133 133 1
134 134 1
135 135 1
136 136 1
137 137 1
138 138 1
139 139 1
140 140 1
141 141 1
142 142 1
143 143 1
144 144 1
145 145 1
146 146 1
147 147 1
148 148 1
149 149 1
150 150 1
151 151 1
152 152 1
153 153 1
154 154 1
155 155 1
156 156 1
157 157 1
158 158 1
159 159 1
160 160 1
161 161 1
162 162 1
163 163 1
164 164 1
165 165 1
166 166 1
167 167 1
168 168 1
169 169 1
170 170 1
171 171 1
172 172 1
173 173 1
174 174 1
175 175 1
176 176 1
177 177 1
178 178 1
179 179 1
180 180 1
181 181 1
182 182 1
183 183 1
184 184 1
185 185 1
186 186 1
187 187 1
188 188 1
189 189 1
190 190 1
191 191 1
192 192 1
193 193 1
194 194 1
195 195 1
196 196 1
197 197 1
198 198 1
199 199 1
200 200 1
201 201 1
202 202 1
203 203 1
204 204 1
205 205 1
206 206 1
207 207 1
208 208 1
209 209 1
210 210 1
211 211 1
212 212 1
213 213 1
214 214 1
215 215 1
216 216 1
217 217 1
218 218 1
219 219 1
220 220 1
221 221 1
222 222 1
223 223 1
224 224 1
225 225 1
226 226 1
227 227 1
228 228 1
229 229 1
230 230 1
231 231 1
232 232 1
233 233 1
234 234 1
235 235 1
236 236 1
237 237 1
238 238 1
239 239 1
240 240 1
241 241 1
242 242 1
243 243 1
244 244 1
245 245 1
246 246 1
247 247 1
248 248 1
249 249 1
250 250 1
251 251 1
252 252 1
253 253 1
254 254 1
255 255 1
256 256 1
257 257 1
258 258 1
259 259 1
260 260 1
261 261 1
262 262 1
263 263 1
264 264 1
265 265 1
266 266 1
267 267 1
268 268 1
269 269 1
270 270 1
271 271 1
272 272 1
273 273 1
274 274 1
275 275 1
276 276 1
277 277 1
278 278 1
279 279 1
280 280 1
281 281 1
282 282 1
283 283 1
284 284 1
285 285 1
286 286 1
287 287 1
288 288 1
289 289 1
290 290 1
291 291 1
292 292 1
293 293 1
294 294 1
295 295 1
296 296 1
297 297 1
298 298 1
299 299 1
300 300 1
301 301 1
302 302 1
303 303 1
304 304 1
305 305 1
306 306 1
307 307 1
308 308 1
309 309 1
310 310 1
311 311 1
312 312 1
313 313 1
314 314 1
315 315 1
316 316 1
317 317 1
318 318 1
319 319 1
320 320 1
321 321 1
322 322 1
323 323 1
324 324 1
325 325 1
326 326 1
327 327 1
328 328 1
329 329 1
330 330 1
331 331 1
332 332 1
333 333 1
334 334 1
335 335 1
336 336 1
337 337 1
338 338 1
339 339 1
340 340 1
341 341 1
342 342 1
343 343 1
344 344 1
345 345 1
346 346 1
347 347 1
348 348 1
349 349 1
350 350 1
351 351 1
352 352 1
353 353 1
354 354 1
355 355 1
356 356 1
357 357 1
358 358 1
359 359 1
360 360 1
361 361 1
362 362 1
363 363 1
364 364 1
365 365 1
366 366 1
367 367 1
368 368 1
369 369 1
370 370 1
371 371 1
372 372 1
373 373 1
374 374 1
375 375 1
376 376 1
377 377 1
378 378 1
379 379 1
380 380 1
381 381 1
382 382 1
383 383 1
384 384 1
385 385 1
386 386 1
387 387 1
388 388 1
389 389 1
390 390 1
391 391 1
392 392 1
393 393 1
394 394 1
395 395 1
396 396 1
397 397 1
398 398 1
399 399 1
400 400 1
401 401 1
402 402 1
403 403 1
404 404 1
405 405 1
406 406 1
407 407 1
408 408 1
409 409 1
410 410 1
411 411 1
412 412 1
413 413 1
414 414 1
415 415 1
416 416 1
417 417 1
418 418 1
419 419 1
420 420 1
421 421 1
422 422 1
423 423 1
424 424 1
425 425 1
426 426 1
427 427 1
428 428 1
429 429 1
430 430 1
431 431 1
432 432 1
433 433 1
434 434 1
435 435 1
436 436 1
437 437 1
438 438 1
439 439 1
440 440 1
441 441 1
442 442 1
443 443 1
444 444 1
445 445 1
446 446 1
447 447 1
448 448 1
449 449 1
450 450 1
451 451 1
452 452 1
453 453 1
454 454 1
455 455 1
456 456 1
457 457 1
458 458 1
459 459 1
460 460 1
461 461 1
462 462 1
463 463 1
464 464 1
465 465 1
466 466 1
467 467 1
468 468 1
469 469 1
470 470 1
471 471 1
472 472 1
473 473 1
474 474 1
475 475 1
476 476 1
477 477 1
478 478 1
479 479 1
480 480 1
481 481 1
482 482 1
483 483 1
484 484 1
485 485 1
486 486 1
487 487 1
488 488 1
489 489 1
490 490 1
491 491 1
492 492 1
493 493 1
494 494 1
495 495 1
496 496 1
497 497 1
498 498 1
499 499 1
500 500 1
501 501 1
502 502 1
503 503 1
504 504 1
505 505 1
506 506 1
507 507 1
508 508 1
509 509 1
510 510 1
511 511 1
512 512 1
513 513 1
514 514 1
515 515 1
516 516 1
517 517 1
518 518 1
519 519 1
520 520 1
521 521 1
522 522 1
523 523 1
524 524 1
525 525 1
526 526 1
527 527 1
528 528 1
529 529 1
530 530 1
531 531 1
532 532 1
533 533 1
534 534 1
535 535 1
536 536 1
537 537 1
538 538 1
539 539 1
540 540 1
541 541 1
542 542 1
543 543 1
544 544 1
545 545 1
546 546 1
547 547 1
548 548 1
549 549 1
550 550 1
551 551 1
552 552 1
553 553 1
554 554 1
555 555 1
556 556 1
557 557 1
558 558 1
559 559 1
560 560 1
561 561 1
562 562 1
563 563 1
564 564 1
565 565 1
566 566 1
567 567 1
568 568 1
569 569 1
570 570 1
571 571 1
572 572 1
573 573 1
574 574 1
575 575 1
576 576 1
577 577 1
578 578 1
579 579 1
580 580 1
581 581 1
582 582 1
583 583 1
584 584 1
585 585 1
586 586 1
587 587 1
588 588 1
589 589 1
590 590 1
591 591 1
592 592 1
593 593 1
594 594 1
595 595 1
596 596 1
597 597 1
598 598 1
599 599 1
600 600 1
601 601 1
602 602 1
603 603 1
604 604 1
605 605 1
606 606 1
607 607 1
608 608 1
609 609 1
610 610 1
611 611 1
612 612 1
613 613 1
614 614 1
615 615 1
616 616 1
617 617 1
618 618 1
619 619 1
620 620 1
621 621 1
622 622 1
623 623 1
624 624 1
625 625 1
626 626 1
627 627 1
628 628 1
629 629 1
630 630 1
631 631 1
632 632 1
633 633 1
634 634 1
635 635 1
636 636 1
637 637 1
638 638 1
639 639 1
640 640 1
641 641 1
642 642 1
643 643 1
644 644 1
645 645 1
646 646 1
647 647 1
648 648 1
649 649 1
650 650 1
651 651 1
652 652 1
653 653 1
654 654 1
655 655 1
656 656 1
657 657 1
658 658 1
659 659 1
660 660 1
661 661 1
662 662 1
663 663 1
664 664 1
665 665 1
666 666 1
667 667 1
668 668 1
669 669 1
670 670 1
671 671 1
672 672 1
673 673 1
674 674 1
675 675 1
676 676 1
677 677 1
678 678 1
679 679 1
680 680 1
681 681 1
682 682 1
683 683 1
684 684 1
685 685 1
686 686 1
687 687 1
688 688 1
689 689 1
690 690 1
691 691 1
692 692 1
693 693 1
694 694 1
695 695 1
696 696 1
697 697 1
698 698 1
699 699 1
700 700 1
701 701 1
702 702 1
703 703 1
704 704 1
705 705 1
706 706 1
707 707 1
708 708 1
709 709 1
710 710 1
711 711 1
712 712 1
713 713 1
714 714 1
715 715 1
716 716 1
717 717 1
718 718 1
719 719 1
720 720 1
721 721 1
722 722 1
723 723 1
724 724 1
725 725 1
726 726 1
727 727 1
728 728 1
729 729 1
730 730 1
731 731 1
732 732 1
733 733 1
734 734 1
735 735 1
736 736 1
737 737 1
738 738 1
739 739 1
740 740 1
741 741 1
742 742 1
743 743 1
744 744 1
745 745 1
746 746 1
747 747 1
748 748 1
749 749 1
750 750 1
751 751 1
752 752 1
753 753 1
754 754 1
755 755 1
756 756 1
757 757 1
758 758 1
759 759 1
760 760 1
761 761 1
762 762 1
763 763 1
764 764 1
765 765 1
766 766 1
767 767 1
768 768 1
769 769 1
770 770 1
771 771 1
772 772 1
773 773 1
774 774 1
775 775 1
776 776 1
777 777 1
778 778 1
779 779 1
780 780 1
781 781 1
782 782 1
783 783 1
784 784 1
785 785 1
786 786 1
787 787 1
788 788 1
789 789 1
790 790 1
791 791 1
792 792 1
793 793 1
794 794 1
795 795 1
796 796 1
797 797 1
798 798 1
799 799 1
800 800 1
801 801 1
802 802 1
803 803 1
804 804 1
805 805 1
806 806 1
807 807 1
808 808 1
809 809 1
810 810 1
811 811 1
812 812 1
813 813 1
814 814 1
815 815 1
816 816 1
817 817 1
818 818 1
819 819 1
820 820 1
821 821 1
822 822 1
823 823 1
824 824 1
825 825 1
826 826 1
827 827 1
828 828 1
829 829 1
830 830 1
831 831 1
832 832 1
833 833 1
834 834 1
835 835 1
836 836 1
837 837 1
838 838 1
839 839 1
840 840 1
841 841 1
842 842 1
843 843 1
844 844 1
845 845 1
846 846 1
847 847 1
848 848 1
849 849 1
850 850 1
851 851 1
852 852 1
853 853 1
854 854 1
855 855 1
856 856 1
857 857 1
858 858 1
859 859 1
860 860 1
861 861 1
862 862 1
863 863 1
864 864 1
865 865 1
866 866 1
867 867 1
868 868 1
869 869 1
870 870 1
871 871 1
872 872 1
873 873 1
874 874 1
875 875 1
876 876 1
877 877 1
878 878 1
879 879 1
880 880 1
881 881 1
882 882 1
883 883 1
884 884 1
885 885 1
886 886 1
887 887 1
888 888 1
889 889 1
890 890 1
891 891 1
892 892 1
893 893 1
894 894 1
895 895 1
896 896 1
897 897 1
898 898 1
899 899 1
900 900 1
901 901 1
902 902 1
903 903 1
904 904 1
905 905 1
906 906 1
907 907 1
908 908 1
909 909 1
910 910 1
911 911 1
912 912 1
913 913 1
914 914 1
915 915 1
916 916 1
917 917 1
918 918 1
919 919 1
920 920 1
921 921 1
922 922 1
923 923 1
924 924 1
925 925 1
926 926 1
927 927 1
928 928 1
929 929 1
930 930 1
931 931 1
932 932 1
933 933 1
934 934 1
935 935 1
936 936 1
937 937 1
938 938 1
939 939 1
940 940 1
941 941 1
942 942 1
943 943 1
944 944 1
945 945 1
946 946 1
947 947 1
948 948 1
949 949 1
950 950 1
951 951 1
952 952 1
953 953 1
954 954 1
955 955 1
956 956 1
957 957 1
958 958 1
959 959 1
960 960 1
961 961 1
962 962 1
963 963 1
964 964 1
965 965 1
966 966 1
967 967 1
968 968 1
969 969 1
970 970 1
971 971 1
972 972 1
973 973 1
974 974 1
975 975 1
976 976 1
977 977 1
978 978 1
979 979 1
980 980 1
981 981 1
982 982 1
983 983 1
984 984 1
985 985 1
986 986 1
987 987 1
988 988 1
989 989 1
990 990 1
991 991 1
992 992 1
993 993 1
994 994 1
995 995 1
996 996 1
997 997 1
998 998 1
999 999 1
1000 1000 1
1001 1001 1
1002 1002 1
1003 1003 1
1004 1004 1
1005 1005 1
1006 1006 1
1007 1007 1
1008 1008 1
1009 1009 1
1010 1010 1
1011 1011 1
1012 1012 1
1013 1013 1
1014 1014 1
1015 1015 1
1016 1016 1
1017 1017 1
1018 1018 1
1019 1019 1
1020 1020 1
1021 1021 1
1022 1022 1
1023 1023 1
1024 1024 1
1025 1025 1
1026 1026 1
1027 1027 1
1028 1028 1
1029 1029 1
1030 1030 1
1031 1031 1
1032 1032 1
1033 1033 1
1034 1034 1
1035 1035 1
1036 1036 1
1037 1037 1
1038 1038 1
1039 1039 1
1040 1040 1
1041 1041 1
1042 1042 1
1043 1043 1
1044 1044 1
1045 1045 1
1046 1046 1
1047 1047 1
1048 1048 1
1049 1049 1
1050 1050 1
1051 1051 1
1052 1052 1
1053 1053 1
1054 1054 1
1055 1055 1
1056 1056 1
1057 1057 1
1058 1058 1
1059 1059 1
1060 1060 1
1061 1061 1
1062 1062 1
1063 1063 1
1064 1064 1
1065 1065 1
1066 1066 1
1067 1067 1
1068 1068 1
1069 1069 1
1070 1070 1
1071 1071 1
1072 1072 1
1073 1073 1
1074 1074 1
1075 1075 1
1076 1076 1
1077 1077 1
1078 1078 1
1079 1079 1
1080 1080 1
1081 1081 1
1082 1082 1
1083 1083 1
1084 1084 1
1085 1085 1
1086 1086 1
1087 1087 1
1088 1088 1
1089 1089 1
1090 1090 1
1091 1091 1
1092 1092 1
1093 1093 1
1094 1094 1
1095 1095 1
1096 1096 1
1097 1097 1
1098 1098 1
1099 1099 1
1100 1100 1
1101 1101 1
1102 1102 1
1103 1103 1
1104 1104 1
1105 1105 1
1106 1106 1
1107 1107 1
1108 1108 1
1109 1109 1
1110 1110 1
1111 1111 1
1112 1112 1
1113 1113 1
1114 1114 1
1115 1115 1
1116 1116 1
1117 1117 1
1118 1118 1
1119 1119 1
1120 1120 1
1121 1121 1
1122 1122 1
1123 1123 1
1124 1124 1
1125 1125 1
1126 1126 1
1127 1127 1
1128 1128 1
1129 1129 1
1130 1130 1
1131 1131 1
1132 1132 1
1133 1133 1
1134 1134 1
1135 1135 1
1136 1136 1
1137 1137 1
1138 1138 1
1139 1139 1
1140 1140 1
1141 1141 1
1142 1142 1
1143 1143 1
1144 1144 1
1145 1145 1
1146 1146 1
1147 1147 1
1148 1148 1
1149 1149 1
1150 1150 1
1151 1151 1
1152 1152 1
1153 1153 1
1154 1154 1
1155 1155 1
1156 1156 1
1157 1157 1
1158 1158 1
1159 1159 1
1160 1160 1
1161 1161 1
1162 1162 1
1163 1163 1
1164 1164 1
1165 1165 1
1166 1166 1
1167 1167 1
1168 1168 1
1169 1169 1
1170 1170 1
1171 1171 1
1172 1172 1
1173 1173 1
1174 1174 1
1175 1175 1
1176 1176 1
1177 1177 1
1178 1178 1
1179 1179 1
1180 1180 1
1181 1181 1
1182 1182 1
1183 1183 1
1184 1184 1
1185 1185 1
1186 1186 1
1187 1187 1
1188 1188 1
1189 1189 1
1190 1190 1
1191 1191 1
1192 1192 1
1193 1193 1
1194 1194 1
1195 1195 1
1196 1196 1
1197 1197 1
1198 1198 1
1199 1199 1
1200 1200 1
1201 1201 1
1202 1202 1
1203 1203 1
1204 1204 1
1205 1205 1
1206 1206 1
1207 1207 1
1208 1208 1
1209 1209 1
1210 1210 1
1211 1211 1
1212 1212 1
1213 1213 1
1214 1214 1
1215 1215 1
1216 1216 1
1217 1217 1
1218 1218 1
1219 1219 1
1220 1220 1
1221 1221 1
1222 1222 1
1223 1223 1
1224 1224 1
1225 1225 1
1226 1226 1
1227 1227 1
1228 1228 1
1229 1229 1
1230 1230 1
1231 1231 1
1232 1232 1
1233 1233 1
1234 1234 1
1235 1235 1
1236 1236 1
1237 1237 1
1238 1238 1
1239 1239 1
1240 1240 1
1241 1241 1
1242 1242 1
1243 1243 1
1244 1244 1
1245 1245 1
1246 1246 1
1247 1247 1
1248 1248 1
1249 1249 1
1250 1250 1
1251 1251 1
1252 1252 1
1253 1253 1
1254 1254 1
1255 1255 1
1256 1256 1
1257 1257 1
1258 1258 1
1259 1259 1
1260 1260 1
1261 1261 1
1262 1262 1
1263 1263 1
1264 1264 1
1265 1265 1
1266 1266 1
1267 1267 1
1268 1268 1
1269 1269 1
1270 1270 1
1271 1271 1
1272 1272 1
1273 1273 1
1274 1274 1
1275 1275 1
1276 1276 1
1277 1277 1
1278 1278 1
1279 1279 1
1280 1280 1
1281 1281 1
1282 1282 1
1283 1283 1
1284 1284 1
1285 1285 1
1286 1286 1
1287 1287 1
1288 1288 1
1289 1289 1
1290 1290 1
1291 1291 1
1292 1292 1
1293 1293 1
1294 1294 1
1295 1295 1
1296 1296 1
1297 1297 1
1298 1298 1
1299 1299 1
1300 1300 1
1301 1301 1
1302 1302 1
1303 1303 1
1304 1304 1
1305 1305 1
1306 1306 1
1307 1307 1
1308 1308 1
1309 1309 1
1310 1310 1
1311 1311 1
1312 1312 1
1313 1313 1
1314 1314 1
1315 1315 1
1316 1316 1
1317 1317 1
1318 1318 1
1319 1319 1
1320 1320 1
1321 1321 1
1322 1322 1
1323 1323 1
1324 1324 1
1325 1325 1
1326 1326 1
1327 1327 1
1328 1328 1
1329 1329 1
1330 1330 1
1331 1331 1
1332 1332 1
1333 1333 1
1334 1334 1
1335 1335 1
1336 1336 1
1337 1337 1
1338 1338 1
1339 1339 1
1340 1340 1
1341 1341 1
1342 1342 1
1343 1343 1
1344 1344 1
1345 1345 1
1346 1346 1
1347 1347 1
1348 1348 1
1349 1349 1
1350 1350 1
1351 1351 1
1352 1352 1
1353 1353 1
1354 1354 1
1355 1355 1
1356 1356 1
1357 1357 1
1358 1358 1
1359 1359 1
1360 1360 1
1361 1361 1
1362 1362 1
1363 1363 1
1364 1364 1
1365 1365 1
1366 1366 1
1367 1367 1
1368 1368 1
1369 1369 1
1370 1370 1
1371 1371 1
1372 1372 1
1373 1373 1
1374 1374 1
1375 1375 1
1376 1376 1
1377 1377 1
1378 1378 1
1379 1379 1
1380 1380 1
1381 1381 1
1382 1382 1
1383 1383 1
1384 1384 1
1385 1385 1
1386 1386 1
1387 1387 1
1388 1388 1
1389 1389 1
1390 1390 1
1391 1391 1
1392 1392 1
1393 1393 1
1394 1394 1
1395 1395 1
1396 1396 1
1397 1397 1
1398 1398 1
1399 1399 1
1400 1400 1
1401 1401 1
1402 1402 1
1403 1403 1
1404 1404 1
1405 1405 1
1406 1406 1
1407 1407 1
1408 1408 1
1409 1409 1
1410 1410 1
1411 1411 1
1412 1412 1
1413 1413 1
1414 1414 1
1415 1415 1
1416 1416 1
1417 1417 1
1418 1418 1
1419 1419 1
1420 1420 1
1421 1421 1
1422 1422 1
1423 1423 1
1424 1424 1
1425 1425 1
1426 1426 1
1427 1427 1
1428 1428 1
1429 1429 1
1430 1430 1
1431 1431 1
1432 1432 1
1433 1433 1
1434 1434 1
1435 1435 1
1436 1436 1
1437 1437 1
1438 1438 1
1439 1439 1
1440 1440 1
1441 1441 1
1442 1442 1
1443 1443 1
1444 1444 1
1445 1445 1
1446 1446 1
1447 1447 1
1448 1448 1
1449 1449 1
1450 1450 1
1451 1451 1
1452 1452 1
1453 1453 1
1454 1454 1
1455 1455 1
1456 1456 1
1457 1457 1
1458 1458 1
1459 1459 1
1460 1460 1
1461 1461 1
1462 1462 1
1463 1463 1
1464 1464 1
1465 1465 1
1466 1466 1
1467 1467 1
1468 1468 1
1469 1469 1
1470 1470 1
1471 1471 1
1472 1472 1
1473 1473 1
1474 1474 1
1475 1475 1
1476 1476 1
1477 1477 1
1478 1478 1
1479 1479 1
1480 1480 1
1481 1481 1
1482 1482 1
1483 1483 1
1484 1484 1
1485 1485 1
1486 1486 1
1487 1487 1
1488 1488 1
1489 1489 1
1490 1490 1
1491 1491 1
1492 1492 1
1493 1493 1
1494 1494 1
1495 1495 1
1496 1496 1
1497 1497 1
1498 1498 1
1499 1499 1
1500 1500 1
1501 1501 1
1502 1502 1
1503 1503 1
1504 1504 1
1505 1505 1
1506 1506 1
1507 1507 1
1508 1508 1
1509 1509 1
1510 1510 1
1511 1511 1
1512 1512 1
1513 1513 1
1514 1514 1
1515 1515 1
1516 1516 1
1517 1517 1
1518 1518 1
1519 1519 1
1520 1520 1
1521 1521 1
1522 1522 1
1523 1523 1
1524 1524 1
1525 1525 1
1526 1526 1
1527 1527 1
1528 1528 1
1529 1529 1
1530 1530 1
1531 1531 1
1532 1532 1
1533 1533 1
1534 1534 1
1535 1535 1
1536 1536 1
1537 1537 1
1538 1538 1
1539 1539 1
1540 1540 1
1541 1541 1
1542 1542 1
1543 1543 1
1544 1544 1
1545 1545 1
1546 1546 1
1547 1547 1
1548 1548 1
1549 1549 1
1550 1550 1
1551 1551 1
1552 1552 1
1553 1553 1
1554 1554 1
1555 1555 1
1556 1556 1
1557 1557 1
1558 1558 1
1559 1559 1
1560 1560 1
1561 1561 1
1562 1562 1
1563 1563 1
1564 1564 1
1565 1565 1
1566 1566 1
1567 1567 1
1568 1568 1
1569 1569 1
1570 1570 1
1571 1571 1
1572 1572 1
1573 1573 1
1574 1574 1
1575 1575 1
1576 1576 1
1577 1577 1
1578 1578 1
1579 1579 1
1580 1580 1
1581 1581 1
1582 1582 1
1583 1583 1
1584 1584 1
1585 1585 1
1586 1586 1
1587 1587 1
1588 1588 1
1589 1589 1
1590 1590 1
1591 1591 1
1592 1592 1
1593 1593 1
1594 1594 1
1595 1595 1
1596 1596 1
1597 1597 1
1598 1598 1
1599 1599 1
1600 1600 1
1601 1601 1
1602 1602 1
1603 1603 1
1604 1604 1
1605 1605 1
1606 1606 1
1607 1607 1
1608 1608 1
1609 1609 1
1610 1610 1
1611 1611 1
1612 1612 1
1613 1613 1
1614 1614 1
1615 1615 1
1616 1616 1
1617 1617 1
1618 1618 1
1619 1619 1
1620 1620 1
1621 1621 1
1622 1622 1
1623 1623 1
1624 1624 1
1625 1625 1
1626 1626 1
1627 1627 1
1628 1628 1
1629 1629 1
1630 1630 1
1631 1631 1
1632 1632 1
1633 1633 1
1634 1634 1
1635 1635 1
1636 1636 1
1637 1637 1
1638 1638 1
1639 1639 1
1640 1640 1
1641 1641 1
1642 1642 1
1643 1643 1
1644 1644 1
1645 1645 1
1646 1646 1
1647 1647 1
1648 1648 1
1649 1649 1
1650 1650 1
1651 1651 1
1652 1652 1
1653 1653 1
1654 1654 1
1655 1655 1
1656 1656 1
1657 1657 1
1658 1658 1
1659 1659 1
1660 1660 1
1661 1661 1
1662 1662 1
1663 1663 1
1664 1664 1
1665 1665 1
1666 1666 1
1667 1667 1
1668 1668 1
1669 1669 1
1670 1670 1
1671 1671 1
1672 1672 1
1673 1673 1
1674 1674 1
1675 1675 1
1676 1676 1
1677 1677 1
1678 1678 1
1679 1679 1
1680 1680 1
1681 1681 1
1682 1682 1
1683 1683 1
1684 1684 1
1685 1685 1
1686 1686 1
1687 1687 1
1688 1688 1
1689 1689 1
1690 1690 1
1691 1691 1
1692 1692 1
1693 1693 1
1694 1694 1
1695 1695 1
1696 1696 1
1697 1697 1
1698 1698 1
1699 1699 1
1700 1700 1
1701 1701 1
1702 1702 1
1703 1703 1
1704 1704 1
1705 1705 1
1706 1706 1
1707 1707 1
1708 1708 1
1709 1709 1
1710 1710 1
1711 1711 1
1712 1712 1
1713 1713 1
1714 1714 1
1715 1715 1
1716 1716 1
1717 1717 1
1718 1718 1
1719 1719 1
1720 1720 1
1721 1721 1
1722 1722 1
1723 1723 1
1724 1724 1
1725 1725 1
1726 1726 1
1727 1727 1
1728 1728 1
1729 1729 1
1730 1730 1
1731 1731 1
1732 1732 1
1733 1733 1
1734 1734 1
1735 1735 1
1736 1736 1
1737 1737 1
1738 1738 1
1739 1739 1
1740 1740 1
1741 1741 1
1742 1742 1
1743 1743 1
1744 1744 1
1745 1745 1
1746 1746 1
1747 1747 1
1748 1748 1
1749 1749 1
1750 1750 1
1751 1751 1
1752 1752 1
1753 1753 1
1754 1754 1
1755 1755 1
1756 1756 1
1757 1757 1
1758 1758 1
1759 1759 1
1760 1760 1
1761 1761 1
1762 1762 1
1763 1763 1
1764 1764 1
1765 1765 1
1766 1766 1
1767 1767 1
1768 1768 1
1769 1769 1
1770 1770 1
1771 1771 1
1772 1772 1
1773 1773 1
1774 1774 1
1775 1775 1
1776 1776 1
1777 1777 1
1778 1778 1
1779 1779 1
1780 1780 1
1781 1781 1
1782 1782 1
1783 1783 1
1784 1784 1
1785 1785 1
1786 1786 1
1787 1787 1
1788 1788 1
1789 1789 1
1790 1790 1
1791 1791 1
1792 1792 1
1793 1793 1
1794 1794 1
1795 1795 1
1796 1796 1
1797 1797 1
1798 1798 1
1799 1799 1
1800 1800 1
1801 1801 1
1802 1802 1
1803 1803 1
1804 1804 1
1805 1805 1
1806 1806 1
1807 1807 1
1808 1808 1
1809 1809 1
1810 1810 1
1811 1811 1
1812 1812 1
1813 1813 1
1814 1814 1
1815 1815 1
1816 1816 1
1817 1817 1
1818 1818 1
1819 1819 1
1820 1820 1
1821 1821 1
1822 1822 1
1823 1823 1
1824 1824 1
1825 1825 1
1826 1826 1
1827 1827 1
1828 1828 1
1829 1829 1
1830 1830 1
1831 1831 1
1832 1832 1
1833 1833 1
1834 1834 1
1835 1835 1
1836 1836 1
1837 1837 1
1838 1838 1
1839 1839 1
1840 1840 1
1841 1841 1
1842 1842 1
1843 1843 1
1844 1844 1
1845 1845 1
1846 1846 1
1847 1847 1
1848 1848 1
1849 1849 1
1850 1850 1
1851 1851 1
1852 1852 1
1853 1853 1
1854 1854 1
1855 1855 1
1856 1856 1
1857 1857 1
1858 1858 1
1859 1859 1
1860 1860 1
1861 1861 1
1862 1862 1
1863 1863 1
1864 1864 1
1865 1865 1
1866 1866 1
1867 1867 1
1868 1868 1
1869 1869 1
1870 1870 1
1871 1871 1
1872 1872 1
1873 1873 1
1874 1874 1
1875 1875 1
1876 1876 1
1877 1877 1
1878 1878 1
1879 1879 1
1880 1880 1
1881 1881 1
1882 1882 1
1883 1883 1
1884 1884 1
1885 1885 1
1886 1886 1
1887 1887 1
1888 1888 1
1889 1889 1
1890 1890 1
1891 1891 1
1892 1892 1
1893 1893 1
1894 1894 1
1895 1895 1
1896 1896 1
1897 1897 1
1898 1898 1
1899 1899 1
1900 1900 1
1901 1901 1
1902 1902 1
1903 1903 1
1904 1904 1
1905 1905 1
1906 1906 1
1907 1907 1
1908 1908 1
1909 1909 1
1910 1910 1
1911 1911 1
1912 1912 1
1913 1913 1
1914 1914 1
1915 1915 1
1916 1916 1
1917 1917 1
1918 1918 1
1919 1919 1
1920 1920 1
1921 1921 1
1922 1922 1
1923 1923 1
1924 1924 1
1925 1925 1
1926 1926 1
1927 1927 1
1928 1928 1
1929 1929 1
1930 1930 1
1931 1931 1
1932 1932 1
1933 1933 1
1934 1934 1
1935 1935 1
1936 1936 1
1937 1937 1
1938 1938 1
1939 1939 1
1940 1940 1
1941 1941 1
1942 1942 1
1943 1943 1
1944 1944 1
1945 1945 1
1946 1946 1
1947 1947 1
1948 1948 1
1949 1949 1
1950 1950 1
1951 1951 1
1952 1952 1
1953 1953 1
1954 1954 1
1955 1955 1
1956 1956 1
1957 1957 1
1958 1958 1
1959 1959 1
1960 1960 1
1961 1961 1
1962 1962 1
1963 1963 1
1964 1964 1
1965 1965 1
1966 1966 1
1967 1967 1
1968 1968 1
1969 1969 1
1970 1970 1
1971 1971 1
1972 1972 1
1973 1973 1
1974 1974 1
1975 1975 1
1976 1976 1
1977 1977 1
1978 1978 1
1979 1979 1
1980 1980 1
1981 1981 1
1982 1982 1
1983 1983 1
1984 1984 1
1985 1985 1
1986 1986 1
1987 1987 1
1988 1988 1
1989 1989 1
1990 1990 1
1991 1991 1
1992 1992 1
1993 1993 1
1994 1994 1
1995 1995 1
1996 1996 1
1997 1997 1
1998 1998 1
1999 1999 1
2000 2000 1
2001 2001 1
2002 2002 1
2003 2003 1
2004 2004 1
2005 2005 1
2006 2006 1
2007 2007 1
2008 2008 1
2009 2009 1
2010 2010 1
2011 2011 1
2012 2012 1
2013 2013 1
2014 2014 1
2015 2015 1
2016 2016 1
2017 2017 1
2018 2018 1
2019 2019 1
2020 2020 1
2021 2021 1
2022 2022 1
2023 2023 1
2024 2024 1
2025 2025 1
2026 2026 1
2027 2027 1
2028 2028 1
2029 2029 1
2030 2030 1
2031 2031 1
2032 2032 1
2033 2033 1
2034 2034 1
2035 2035 1
2036 2036 1
2037 2037 1
2038 2038 1
2039 2039 1
2040 2040 1
2041 2041 1
2042 2042 1
2043 2043 1
2044 2044 1
2045 2045 1
2046 2046 1
2047 2047 1
2048 2048 1
2049 2049 1
2050 2050 1
2051 2051 1
2052 2052 1
2053 2053 1
2054 2054 1
2055 2055 1
2056 2056 1
2057 2057 1
2058 2058 1
2059 2059 1
2060 2060 1
2061 2061 1
2062 2062 1
2063 2063 1
2064 2064 1
2065 2065 1
2066 2066 1
2067 2067 1
2068 2068 1
2069 2069 1
2070 2070 1
2071 2071 1
2072 2072 1
2073 2073 1
2074 2074 1
2075 2075 1
2076 2076 1
2077 2077 1
2078 2078 1
2079 2079 1
2080 2080 1
2081 2081 1
2082 2082 1
2083 2083 1
2084 2084 1
2085 2085 1
2086 2086 1
2087 2087 1
2088 2088 1
2089 2089 1
2090 2090 1
2091 2091 1
2092 2092 1
2093 2093 1
2094 2094 1
2095 2095 1
2096 2096 1
2097 2097 1
2098 2098 1
2099 2099 1
2100 2100 1
2101 2101 1
2102 2102 1
2103 2103 1
2104 2104 1
2105 2105 1
2106 2106 1
2107 2107 1
2108 2108 1
2109 2109 1
2110 2110 1
2111 2111 1
2112 2112 1
2113 2113 1
2114 2114 1
2115 2115 1
2116 2116 1
2117 2117 1
2118 2118 1
2119 2119 1
2120 2120 1
2121 2121 1
2122 2122 1
2123 2123 1
2124 2124 1
2125 2125 1
2126 2126 1
2127 2127 1
2128 2128 1
2129 2129 1
2130 2130 1
2131 2131 1
2132 2132 1
2133 2133 1
2134 2134 1
2135 2135 1
2136 2136 1
2137 2137 1
2138 2138 1
2139 2139 1
2140 2140 1
2141 2141 1
2142 2142 1
2143 2143 1
2144 2144 1
2145 2145 1
2146 2146 1
2147 2147 1
2148 2148 1
2149 2149 1
2150 2150 1
2151 2151 1
2152 2152 1
2153 2153 1
2154 2154 1
2155 2155 1
2156 2156 1
2157 2157 1
2158 2158 1
2159 2159 1
2160 2160 1
2161 2161 1
2162 2162 1
2163 2163 1
2164 2164 1
2165 2165 1
2166 2166 1
2167 2167 1
2168 2168 1
2169 2169 1
2170 2170 1
2171 2171 1
2172 2172 1
2173 2173 1
2174 2174 1
2175 2175 1
2176 2176 1
2177 2177 1
2178 2178 1
2179 2179 1
2180 2180 1
2181 2181 1
2182 2182 1
2183 2183 1
2184 2184 1
2185 2185 1
2186 2186 1
2187 2187 1
2188 2188 1
2189 2189 1
2190 2190 1
2191 2191 1
2192 2192 1
2193 2193 1
2194 2194 1
2195 2195 1
2196 2196 1
2197 2197 1
2198 2198 1
2199 2199 1
2200 2200 1
2201 2201 1
2202 2202 1
2203 2203 1
2204 2204 1
2205 2205 1
2206 2206 1
2207 2207 1
2208 2208 1
2209 2209 1
2210 2210 1
2211 2211 1
2212 2212 1
2213 2213 1
2214 2214 1
2215 2215 1
2216 2216 1
2217 2217 1
2218 2218 1
2219 2219 1
2220 2220 1
2221 2221 1
2222 2222 1
2223 2223 1
2224 2224 1
2225 2225 1
2226 2226 1
2227 2227 1
2228 2228 1
2229 2229 1
2230 2230 1
2231 2231 1
2232 2232 1
2233 2233 1
2234 2234 1
2235 2235 1
2236 2236 1
2237 2237 1
2238 2238 1
2239 2239 1
2240 2240 1
2241 2241 1
2242 2242 1
2243 2243 1
2244 2244 1
2245 2245 1
2246 2246 1
2247 2247 1
2248 2248 1
2249 2249 1
2250 2250 1
2251 2251 1
2252 2252 1
2253 2253 1
2254 2254 1
2255 2255 1
2256 2256 1
2257 2257 1
2258 2258 1
2259 2259 1
2260 2260 1
2261 2261 1
2262 2262 1
2263 2263 1
2264 2264 1
2265 2265 1
2266 2266 1
2267 2267 1
2268 2268 1
2269 2269 1
2270 2270 1
2271 2271 1
2272 2272 1
2273 2273 1
2274 2274 1
2275 2275 1
2276 2276 1
2277 2277 1
2278 2278 1
2279 2279 1
2280 2280 1
2281 2281 1
2282 2282 1
2283 2283 1
2284 2284 1
2285 2285 1
2286 2286 1
2287 2287 1
2288 2288 1
2289 2289 1
2290 2290 1
2291 2291 1
2292 2292 1
2293 2293 1
2294 2294 1
2295 2295 1
2296 2296 1
2297 2297 1
2298 2298 1
2299 2299 1
2300 2300 1
2301 2301 1
2302 2302 1
2303 2303 1
2304 2304 1
2305 2305 1
2306 2306 1
2307 2307 1
2308 2308 1
2309 2309 1
2310 2310 1
2311 2311 1
2312 2312 1
2313 2313 1
2314 2314 1
2315 2315 1
2316 2316 1
2317 2317 1
2318 2318 1
2319 2319 1
2320 2320 1
2321 2321 1
2322 2322 1
2323 2323 1
2324 2324 1
2325 2325 1
2326 2326 1
2327 2327 1
2328 2328 1
2329 2329 1
2330 2330 1
2331 2331 1
2332 2332 1
2333 2333 1
2334 2334 1
2335 2335 1
2336 2336 1
2337 2337 1
2338 2338 1
2339 2339 1
2340 2340 1
2341 2341 1
2342 2342 1
2343 2343 1
2344 2344 1
2345 2345 1
2346 2346 1
2347 2347 1
2348 2348 1
2349 2349 1
2350 2350 1
2351 2351 1
2352 2352 1
2353 2353 1
2354 2354 1
2355 2355 1
2356 2356 1
2357 2357 1
2358 2358 1
2359 2359 1
2360 2360 1
2361 2361 1
2362 2362 1
2363 2363 1
2364 2364 1
2365 2365 1
2366 2366 1
2367 2367 1
2368 2368 1
2369 2369 1
2370 2370 1
2371 2371 1
2372 2372 1
2373 2373 1
2374 2374 1
2375 2375 1
2376 2376 1
2377 2377 1
2378 2378 1
2379 2379 1
2380 2380 1
2381 2381 1
2382 2382 1
2383 2383 1
2384 2384 1
2385 2385 1
2386 2386 1
2387 2387 1
2388 2388 1
2389 2389 1
2390 2390 1
2391 2391 1
2392 2392 1
2393 2393 1
2394 2394 1
2395 2395 1
2396 2396 1
2397 2397 1
2398 2398 1
2399 2399 1
2400 2400 1
2401 2401 1
2402 2402 1
2403 2403 1
2404 2404 1
2405 2405 1
2406 2406 1
2407 2407 1
2408 2408 1
2409 2409 1
2410 2410 1
2411 2411 1
2412 2412 1
2413 2413 1
2414 2414 1
2415 2415 1
2416 2416 1
2417 2417 1
2418 2418 1
2419 2419 1
2420 2420 1
2421 2421 1
2422 2422 1
2423 2423 1
2424 2424 1
2425 2425 1
2426 2426 1
2427 2427 1
2428 2428 1
2429 2429 1
2430 2430 1
2431 2431 1
2432 2432 1
2433 2433 1
2434 2434 1
2435 2435 1
2436 2436 1
2437 2437 1
2438 2438 1
2439 2439 1
2440 2440 1
2441 2441 1
2442 2442 1
2443 2443 1
2444 2444 1
2445 2445 1
2446 2446 1
2447 2447 1
2448 2448 1
2449 2449 1
2450 2450 1
2451 2451 1
2452 2452 1
2453 2453 1
2454 2454 1
2455 2455 1
2456 2456 1
2457 2457 1
2458 2458 1
2459 2459 1
2460 2460 1
2461 2461 1
2462 2462 1
2463 2463 1
2464 2464 1
2465 2465 1
2466 2466 1
2467 2467 1
2468 2468 1
2469 2469 1
2470 2470 1
2471 2471 1
2472 2472 1
2473 2473 1
2474 2474 1
2475 2475 1
2476 2476 1
2477 2477 1
2478 2478 1
2479 2479 1
2480 2480 1
2481 2481 1
2482 2482 1
2483 2483 1
2484 2484 1
2485 2485 1
2486 2486 1
2487 2487 1
2488 2488 1
2489 2489 1
2490 2490 1
2491 2491 1
2492 2492 1
2493 2493 1
2494 2494 1
2495 2495 1
2496 2496 1
2497 2497 1
2498 2498 1
2499 2499 1
2500 2500 1
2501 2501 2
2502 2502 2
2503 2503 2
2504 2504 2
2505 2505 2
2506 2506 2
2507 2507 2
2508 2508 2
2509 2509 2
2510 2510 2
2511 2511 2
2512 2512 2
2513 2513 2
2514 2514 2
2515 2515 2
2516 2516 2
2517 2517 2
2518 2518 2
2519 2519 2
2520 2520 2
2521 2521 2
2522 2522 2
2523 2523 2
2524 2524 2
2525 2525 2
2526 2526 2
2527 2527 2
2528 2528 2
2529 2529 2
2530 2530 2
2531 2531 2
2532 2532 2
2533 2533 2
2534 2534 2
2535 2535 2
2536 2536 2
2537 2537 2
2538 2538 2
2539 2539 2
2540 2540 2
2541 2541 2
2542 2542 2
2543 2543 2
2544 2544 2
2545 2545 2
2546 2546 2
2547 2547 2
2548 2548 2
2549 2549 2
2550 2550 2
2551 2551 2
2552 2552 2
2553 2553 2
2554 2554 2
2555 2555 2
2556 2556 2
2557 2557 2
2558 2558 2
2559 2559 2
2560 2560 2
2561 2561 2
2562 2562 2
2563 2563 2
2564 2564 2
2565 2565 2
2566 2566 2
2567 2567 2
2568 2568 2
2569 2569 2
2570 2570 2
2571 2571 2
2572 2572 2
2573 2573 2
2574 2574 2
2575 2575 2
2576 2576 2
2577 2577 2
2578 2578 2
2579 2579 2
2580 2580 2
2581 2581 2
2582 2582 2
2583 2583 2
2584 2584 2
2585 2585 2
2586 2586 2
2587 2587 2
2588 2588 2
2589 2589 2
2590 2590 2
2591 2591 2
2592 2592 2
2593 2593 2
2594 2594 2
2595 2595 2
2596 2596 2
2597 2597 2
2598 2598 2
2599 2599 2
2600 2600 2
2601 2601 2
2602 2602 2
2603 2603 2
2604 2604 2
2605 2605 2
2606 2606 2
2607 2607 2
2608 2608 2
2609 2609 2
2610 2610 2
2611 2611 2
2612 2612 2
2613 2613 2
2614 2614 2
2615 2615 2
2616 2616 2
2617 2617 2
2618 2618 2
2619 2619 2
2620 2620 2
2621 2621 2
2622 2622 2
2623 2623 2
2624 2624 2
2625 2625 2
2626 2626 2
2627 2627 2
2628 2628 2
2629 2629 2
2630 2630 2
2631 2631 2
2632 2632 2
2633 2633 2
2634 2634 2
2635 2635 2
2636 2636 2
2637 2637 2
2638 2638 2
2639 2639 2
2640 2640 2
2641 2641 2
2642 2642 2
2643 2643 2
2644 2644 2
2645 2645 2
2646 2646 2
2647 2647 2
2648 2648 2
2649 2649 2
2650 2650 2
2651 2651 2
2652 2652 2
2653 2653 2
2654 2654 2
2655 2655 2
2656 2656 2
2657 2657 2
2658 2658 2
2659 2659 2
2660 2660 2
2661 2661 2
2662 2662 2
2663 2663 2
2664 2664 2
2665 2665 2
2666 2666 2
2667 2667 2
2668 2668 2
2669 2669 2
2670 2670 2
2671 2671 2
2672 2672 2
2673 2673 2
2674 2674 2
2675 2675 2
2676 2676 2
2677 2677 2
2678 2678 2
2679 2679 2
2680 2680 2
2681 2681 2
2682 2682 2
2683 2683 2
2684 2684 2
2685 2685 2
2686 2686 2
2687 2687 2
2688 2688 2
2689 2689 2
2690 2690 2
2691 2691 2
2692 2692 2
2693 2693 2
2694 2694 2
2695 2695 2
2696 2696 2
2697 2697 2
2698 2698 2
2699 2699 2
2700 2700 2
2701 2701 2
2702 2702 2
2703 2703 2
2704 2704 2
2705 2705 2
2706 2706 2
2707 2707 2
2708 2708 2
2709 2709 2
2710 2710 2
2711 2711 2
2712 2712 2
2713 2713 2
2714 2714 2
2715 2715 2
2716 2716 2
2717 2717 2
2718 2718 2
2719 2719 2
2720 2720 2
2721 2721 2
2722 2722 2
2723 2723 2
2724 2724 2
2725 2725 2
2726 2726 2
2727 2727 2
2728 2728 2
2729 2729 2
2730 2730 2
2731 2731 2
2732 2732 2
2733 2733 2
2734 2734 2
2735 2735 2
2736 2736 2
2737 2737 2
2738 2738 2
2739 2739 2
2740 2740 2
2741 2741 2
2742 2742 2
2743 2743 2
2744 2744 2
2745 2745 2
2746 2746 2
2747 2747 2
2748 2748 2
2749 2749 2
2750 2750 2
2751 2751 2
2752 2752 2
2753 2753 2
2754 2754 2
2755 2755 2
2756 2756 2
2757 2757 2
2758 2758 2
2759 2759 2
2760 2760 2
2761 2761 2
2762 2762 2
2763 2763 2
2764 2764 2
2765 2765 2
2766 2766 2
2767 2767 2
2768 2768 2
2769 2769 2
2770 2770 2
2771 2771 2
2772 2772 2
2773 2773 2
2774 2774 2
2775 2775 2
2776 2776 2
2777 2777 2
2778 2778 2
2779 2779 2
2780 2780 2
2781 2781 2
2782 2782 2
2783 2783 2
2784 2784 2
2785 2785 2
2786 2786 2
2787 2787 2
2788 2788 2
2789 2789 2
2790 2790 2
2791 2791 2
2792 2792 2
2793 2793 2
2794 2794 2
2795 2795 2
2796 2796 2
2797 2797 2
2798 2798 2
2799 2799 2
2800 2800 2
2801 2801 2
2802 2802 2
2803 2803 2
2804 2804 2
2805 2805 2
2806 2806 2
2807 2807 2
2808 2808 2
2809 2809 2
2810 2810 2
2811 2811 2
2812 2812 2
2813 2813 2
2814 2814 2
2815 2815 2
2816 2816 2
2817 2817 2
2818 2818 2
2819 2819 2
2820 2820 2
2821 2821 2
2822 2822 2
2823 2823 2
2824 2824 2
2825 2825 2
2826 2826 2
2827 2827 2
2828 2828 2
2829 2829 2
2830 2830 2
2831 2831 2
2832 2832 2
2833 2833 2
2834 2834 2
2835 2835 2
2836 2836 2
2837 2837 2
2838 2838 2
2839 2839 2
2840 2840 2
2841 2841 2
2842 2842 2
2843 2843 2
2844 2844 2
2845 2845 2
2846 2846 2
2847 2847 2
2848 2848 2
2849 2849 2
2850 2850 2
2851 2851 2
2852 2852 2
2853 2853 2
2854 2854 2
2855 2855 2
2856 2856 2
2857 2857 2
2858 2858 2
2859 2859 2
2860 2860 2
2861 2861 2
2862 2862 2
2863 2863 2
2864 2864 2
2865 2865 2
2866 2866 2
2867 2867 2
2868 2868 2
2869 2869 2
2870 2870 2
2871 2871 2
2872 2872 2
2873 2873 2
2874 2874 2
2875 2875 2
2876 2876 2
2877 2877 2
2878 2878 2
2879 2879 2
2880 2880 2
2881 2881 2
2882 2882 2
2883 2883 2
2884 2884 2
2885 2885 2
2886 2886 2
2887 2887 2
2888 2888 2
2889 2889 2
2890 2890 2
2891 2891 2
2892 2892 2
2893 2893 2
2894 2894 2
2895 2895 2
2896 2896 2
2897 2897 2
2898 2898 2
2899 2899 2
2900 2900 2
2901 2901 2
2902 2902 2
2903 2903 2
2904 2904 2
2905 2905 2
2906 2906 2
2907 2907 2
2908 2908 2
2909 2909 2
2910 2910 2
2911 2911 2
2912 2912 2
2913 2913 2
2914 2914 2
2915 2915 2
2916 2916 2
2917 2917 2
2918 2918 2
2919 2919 2
2920 2920 2
2921 2921 2
2922 2922 2
2923 2923 2
2924 2924 2
2925 2925 2
2926 2926 2
2927 2927 2
2928 2928 2
2929 2929 2
2930 2930 2
2931 2931 2
2932 2932 2
2933 2933 2
2934 2934 2
2935 2935 2
2936 2936 2
2937 2937 2
2938 2938 2
2939 2939 2
2940 2940 2
2941 2941 2
2942 2942 2
2943 2943 2
2944 2944 2
2945 2945 2
2946 2946 2
2947 2947 2
2948 2948 2
2949 2949 2
2950 2950 2
2951 2951 2
2952 2952 2
2953 2953 2
2954 2954 2
2955 2955 2
2956 2956 2
2957 2957 2
2958 2958 2
2959 2959 2
2960 2960 2
2961 2961 2
2962 2962 2
2963 2963 2
2964 2964 2
2965 2965 2
2966 2966 2
2967 2967 2
2968 2968 2
2969 2969 2
2970 2970 2
2971 2971 2
2972 2972 2
2973 2973 2
2974 2974 2
2975 2975 2
2976 2976 2
2977 2977 2
2978 2978 2
2979 2979 2
2980 2980 2
2981 2981 2
2982 2982 2
2983 2983 2
2984 2984 2
2985 2985 2
2986 2986 2
2987 2987 2
2988 2988 2
2989 2989 2
2990 2990 2
2991 2991 2
2992 2992 2
2993 2993 2
2994 2994 2
2995 2995 2
2996 2996 2
2997 2997 2
2998 2998 2
2999 2999 2
3000 3000 2
3001 3001 2
3002 3002 2
3003 3003 2
3004 3004 2
3005 3005 2
3006 3006 2
3007 3007 2
3008 3008 2
3009 3009 2
3010 3010 2
3011 3011 2
3012 3012 2
3013 3013 2
3014 3014 2
3015 3015 2
3016 3016 2
3017 3017 2
3018 3018 2
3019 3019 2
3020 3020 2
3021 3021 2
3022 3022 2
3023 3023 2
3024 3024 2
3025 3025 2
3026 3026 2
3027 3027 2
3028 3028 2
3029 3029 2
3030 3030 2
3031 3031 2
3032 3032 2
3033 3033 2
3034 3034 2
3035 3035 2
3036 3036 2
3037 3037 2
3038 3038 2
3039 3039 2
3040 3040 2
3041 3041 2
3042 3042 2
3043 3043 2
3044 3044 2
3045 3045 2
3046 3046 2
3047 3047 2
3048 3048 2
3049 3049 2
3050 3050 2
3051 3051 2
3052 3052 2
3053 3053 2
3054 3054 2
3055 3055 2
3056 3056 2
3057 3057 2
3058 3058 2
3059 3059 2
3060 3060 2
3061 3061 2
3062 3062 2
3063 3063 2
3064 3064 2
3065 3065 2
3066 3066 2
3067 3067 2
3068 3068 2
3069 3069 2
3070 3070 2
3071 3071 2
3072 3072 2
3073 3073 2
3074 3074 2
3075 3075 2
3076 3076 2
3077 3077 2
3078 3078 2
3079 3079 2
3080 3080 2
3081 3081 2
3082 3082 2
3083 3083 2
3084 3084 2
3085 3085 2
3086 3086 2
3087 3087 2
3088 3088 2
3089 3089 2
3090 3090 2
3091 3091 2
3092 3092 2
3093 3093 2
3094 3094 2
3095 3095 2
3096 3096 2
3097 3097 2
3098 3098 2
3099 3099 2
3100 3100 2
3101 3101 2
3102 3102 2
3103 3103 2
3104 3104 2
3105 3105 2
3106 3106 2
3107 3107 2
3108 3108 2
3109 3109 2
3110 3110 2
3111 3111 2
3112 3112 2
3113 3113 2
3114 3114 2
3115 3115 2
3116 3116 2
3117 3117 2
3118 3118 2
3119 3119 2
3120 3120 2
3121 3121 2
3122 3122 2
3123 3123 2
3124 3124 2
3125 3125 2
3126 3126 2
3127 3127 2
3128 3128 2
3129 3129 2
3130 3130 2
3131 3131 2
3132 3132 2
3133 3133 2
3134 3134 2
3135 3135 2
3136 3136 2
3137 3137 2
3138 3138 2
3139 3139 2
3140 3140 2
3141 3141 2
3142 3142 2
3143 3143 2
3144 3144 2
3145 3145 2
3146 3146 2
3147 3147 2
3148 3148 2
3149 3149 2
3150 3150 2
3151 3151 2
3152 3152 2
3153 3153 2
3154 3154 2
3155 3155 2
3156 3156 2
3157 3157 2
3158 3158 2
3159 3159 2
3160 3160 2
3161 3161 2
3162 3162 2
3163 3163 2
3164 3164 2
3165 3165 2
3166 3166 2
3167 3167 2
3168 3168 2
3169 3169 2
3170 3170 2
3171 3171 2
3172 3172 2
3173 3173 2
3174 3174 2
3175 3175 2
3176 3176 2
3177 3177 2
3178 3178 2
3179 3179 2
3180 3180 2
3181 3181 2
3182 3182 2
3183 3183 2
3184 3184 2
3185 3185 2
3186 3186 2
3187 3187 2
3188 3188 2
3189 3189 2
3190 3190 2
3191 3191 2
3192 3192 2
3193 3193 2
3194 3194 2
3195 3195 2
3196 3196 2
3197 3197 2
3198 3198 2
3199 3199 2
3200 3200 2
3201 3201 2
3202 3202 2
3203 3203 2
3204 3204 2
3205 3205 2
3206 3206 2
3207 3207 2
3208 3208 2
3209 3209 2
3210 3210 2
3211 3211 2
3212 3212 2
3213 3213 2
3214 3214 2
3215 3215 2
3216 3216 2
3217 3217 2
3218 3218 2
3219 3219 2
3220 3220 2
3221 3221 2
3222 3222 2
3223 3223 2
3224 3224 2
3225 3225 2
3226 3226 2
3227 3227 2
3228 3228 2
3229 3229 2
3230 3230 2
3231 3231 2
3232 3232 2
3233 3233 2
3234 3234 2
3235 3235 2
3236 3236 2
3237 3237 2
3238 3238 2
3239 3239 2
3240 3240 2
3241 3241 2
3242 3242 2
3243 3243 2
3244 3244 2
3245 3245 2
3246 3246 2
3247 3247 2
3248 3248 2
3249 3249 2
3250 3250 2
3251 3251 2
3252 3252 2
3253 3253 2
3254 3254 2
3255 3255 2
3256 3256 2
3257 3257 2
3258 3258 2
3259 3259 2
3260 3260 2
3261 3261 2
3262 3262 2
3263 3263 2
3264 3264 2
3265 3265 2
3266 3266 2
3267 3267 2
3268 3268 2
3269 3269 2
3270 3270 2
3271 3271 2
3272 3272 2
3273 3273 2
3274 3274 2
3275 3275 2
3276 3276 2
3277 3277 2
3278 3278 2
3279 3279 2
3280 3280 2
3281 3281 2
3282 3282 2
3283 3283 2
3284 3284 2
3285 3285 2
3286 3286 2
3287 3287 2
3288 3288 2
3289 3289 2
3290 3290 2
3291 3291 2
3292 3292 2
3293 3293 2
3294 3294 2
3295 3295 2
3296 3296 2
3297 3297 2
3298 3298 2
3299 3299 2
3300 3300 2
3301 3301 2
3302 3302 2
3303 3303 2
3304 3304 2
3305 3305 2
3306 3306 2
3307 3307 2
3308 3308 2
3309 3309 2
3310 3310 2
3311 3311 2
3312 3312 2
3313 3313 2
3314 3314 2
3315 3315 2
3316 3316 2
3317 3317 2
3318 3318 2
3319 3319 2
3320 3320 2
3321 3321 2
3322 3322 2
3323 3323 2
3324 3324 2
3325 3325 2
3326 3326 2
3327 3327 2
3328 3328 2
3329 3329 2
3330 3330 2
3331 3331 2
3332 3332 2
3333 3333 2
3334 3334 2
3335 3335 2
3336 3336 2
3337 3337 2
3338 3338 2
3339 3339 2
3340 3340 2
3341 3341 2
3342 3342 2
3343 3343 2
3344 3344 2
3345 3345 2
3346 3346 2
3347 3347 2
3348 3348 2
3349 3349 2
3350 3350 2
3351 3351 2
3352 3352 2
3353 3353 2
3354 3354 2
3355 3355 2
3356 3356 2
3357 3357 2
3358 3358 2
3359 3359 2
3360 3360 2
3361 3361 2
3362 3362 2
3363 3363 2
3364 3364 2
3365 3365 2
3366 3366 2
3367 3367 2
3368 3368 2
3369 3369 2
3370 3370 2
3371 3371 2
3372 3372 2
3373 3373 2
3374 3374 2
3375 3375 2
3376 3376 2
3377 3377 2
3378 3378 2
3379 3379 2
3380 3380 2
3381 3381 2
3382 3382 2
3383 3383 2
3384 3384 2
3385 3385 2
3386 3386 2
3387 3387 2
3388 3388 2
3389 3389 2
3390 3390 2
3391 3391 2
3392 3392 2
3393 3393 2
3394 3394 2
3395 3395 2
3396 3396 2
3397 3397 2
3398 3398 2
3399 3399 2
3400 3400 2
3401 3401 2
3402 3402 2
3403 3403 2
3404 3404 2
3405 3405 2
3406 3406 2
3407 3407 2
3408 3408 2
3409 3409 2
3410 3410 2
3411 3411 2
3412 3412 2
3413 3413 2
3414 3414 2
3415 3415 2
3416 3416 2
3417 3417 2
3418 3418 2
3419 3419 2
3420 3420 2
3421 3421 2
3422 3422 2
3423 3423 2
3424 3424 2
3425 3425 2
3426 3426 2
3427 3427 2
3428 3428 2
3429 3429 2
3430 3430 2
3431 3431 2
3432 3432 2
3433 3433 2
3434 3434 2
3435 3435 2
3436 3436 2
3437 3437 2
3438 3438 2
3439 3439 2
3440 3440 2
3441 3441 2
3442 3442 2
3443 3443 2
3444 3444 2
3445 3445 2
3446 3446 2
3447 3447 2
3448 3448 2
3449 3449 2
3450 3450 2
3451 3451 2
3452 3452 2
3453 3453 2
3454 3454 2
3455 3455 2
3456 3456 2
3457 3457 2
3458 3458 2
3459 3459 2
3460 3460 2
3461 3461 2
3462 3462 2
3463 3463 2
3464 3464 2
3465 3465 2
3466 3466 2
3467 3467 2
3468 3468 2
3469 3469 2
3470 3470 2
3471 3471 2
3472 3472 2
3473 3473 2
3474 3474 2
3475 3475 2
3476 3476 2
3477 3477 2
3478 3478 2
3479 3479 2
3480 3480 2
3481 3481 2
3482 3482 2
3483 3483 2
3484 3484 2
3485 3485 2
3486 3486 2
3487 3487 2
3488 3488 2
3489 3489 2
3490 3490 2
3491 3491 2
3492 3492 2
3493 3493 2
3494 3494 2
3495 3495 2
3496 3496 2
3497 3497 2
3498 3498 2
3499 3499 2
3500 3500 2
3501 3501 2
3502 3502 2
3503 3503 2
3504 3504 2
3505 3505 2
3506 3506 2
3507 3507 2
3508 3508 2
3509 3509 2
3510 3510 2
3511 3511 2
3512 3512 2
3513 3513 2
3514 3514 2
3515 3515 2
3516 3516 2
3517 3517 2
3518 3518 2
3519 3519 2
3520 3520 2
3521 3521 2
3522 3522 2
3523 3523 2
3524 3524 2
3525 3525 2
3526 3526 2
3527 3527 2
3528 3528 2
3529 3529 2
3530 3530 2
3531 3531 2
3532 3532 2
3533 3533 2
3534 3534 2
3535 3535 2
3536 3536 2
3537 3537 2
3538 3538 2
3539 3539 2
3540 3540 2
3541 3541 2
3542 3542 2
3543 3543 2
3544 3544 2
3545 3545 2
3546 3546 2
3547 3547 2
3548 3548 2
3549 3549 2
3550 3550 2
3551 3551 2
3552 3552 2
3553 3553 2
3554 3554 2
3555 3555 2
3556 3556 2
3557 3557 2
3558 3558 2
3559 3559 2
3560 3560 2
3561 3561 2
3562 3562 2
3563 3563 2
3564 3564 2
3565 3565 2
3566 3566 2
3567 3567 2
3568 3568 2
3569 3569 2
3570 3570 2
3571 3571 2
3572 3572 2
3573 3573 2
3574 3574 2
3575 3575 2
3576 3576 2
3577 3577 2
3578 3578 2
3579 3579 2
3580 3580 2
3581 3581 2
3582 3582 2
3583 3583 2
3584 3584 2
3585 3585 2
3586 3586 2
3587 3587 2
3588 3588 2
3589 3589 2
3590 3590 2
3591 3591 2
3592 3592 2
3593 3593 2
3594 3594 2
3595 3595 2
3596 3596 2
3597 3597 2
3598 3598 2
3599 3599 2
3600 3600 2
3601 3601 2
3602 3602 2
3603 3603 2
3604 3604 2
3605 3605 2
3606 3606 2
3607 3607 2
3608 3608 2
3609 3609 2
3610 3610 2
3611 3611 2
3612 3612 2
3613 3613 2
3614 3614 2
3615 3615 2
3616 3616 2
3617 3617 2
3618 3618 2
3619 3619 2
3620 3620 2
3621 3621 2
3622 3622 2
3623 3623 2
3624 3624 2
3625 3625 2
3626 3626 2
3627 3627 2
3628 3628 2
3629 3629 2
3630 3630 2
3631 3631 2
3632 3632 2
3633 3633 2
3634 3634 2
3635 3635 2
3636 3636 2
3637 3637 2
3638 3638 2
3639 3639 2
3640 3640 2
3641 3641 2
3642 3642 2
3643 3643 2
3644 3644 2
3645 3645 2
3646 3646 2
3647 3647 2
3648 3648 2
3649 3649 2
3650 3650 2
3651 3651 2
3652 3652 2
3653 3653 2
3654 3654 2
3655 3655 2
3656 3656 2
3657 3657 2
3658 3658 2
3659 3659 2
3660 3660 2
3661 3661 2
3662 3662 2
3663 3663 2
3664 3664 2
3665 3665 2
3666 3666 2
3667 3667 2
3668 3668 2
3669 3669 2
3670 3670 2
3671 3671 2
3672 3672 2
3673 3673 2
3674 3674 2
3675 3675 2
3676 3676 2
3677 3677 2
3678 3678 2
3679 3679 2
3680 3680 2
3681 3681 2
3682 3682 2
3683 3683 2
3684 3684 2
3685 3685 2
3686 3686 2
3687 3687 2
3688 3688 2
3689 3689 2
3690 3690 2
3691 3691 2
3692 3692 2
3693 3693 2
3694 3694 2
3695 3695 2
3696 3696 2
3697 3697 2
3698 3698 2
3699 3699 2
3700 3700 2
3701 3701 2
3702 3702 2
3703 3703 2
3704 3704 2
3705 3705 2
3706 3706 2
3707 3707 2
3708 3708 2
3709 3709 2
3710 3710 2
3711 3711 2
3712 3712 2
3713 3713 2
3714 3714 2
3715 3715 2
3716 3716 2
3717 3717 2
3718 3718 2
3719 3719 2
3720 3720 2
3721 3721 2
3722 3722 2
3723 3723 2
3724 3724 2
3725 3725 2
3726 3726 2
3727 3727 2
3728 3728 2
3729 3729 2
3730 3730 2
3731 3731 2
3732 3732 2
3733 3733 2
3734 3734 2
3735 3735 2
3736 3736 2
3737 3737 2
3738 3738 2
3739 3739 2
3740 3740 2
3741 3741 2
3742 3742 2
3743 3743 2
3744 3744 2
3745 3745 2
3746 3746 2
3747 3747 2
3748 3748 2
3749 3749 2
3750 3750 2
3751 3751 2
3752 3752 2
3753 3753 2
3754 3754 2
3755 3755 2
3756 3756 2
3757 3757 2
3758 3758 2
3759 3759 2
3760 3760 2
3761 3761 2
3762 3762 2
3763 3763 2
3764 3764 2
3765 3765 2
3766 3766 2
3767 3767 2
3768 3768 2
3769 3769 2
3770 3770 2
3771 3771 2
3772 3772 2
3773 3773 2
3774 3774 2
3775 3775 2
3776 3776 2
3777 3777 2
3778 3778 2
3779 3779 2
3780 3780 2
3781 3781 2
3782 3782 2
3783 3783 2
3784 3784 2
3785 3785 2
3786 3786 2
3787 3787 2
3788 3788 2
3789 3789 2
3790 3790 2
3791 3791 2
3792 3792 2
3793 3793 2
3794 3794 2
3795 3795 2
3796 3796 2
3797 3797 2
3798 3798 2
3799 3799 2
3800 3800 2
3801 3801 2
3802 3802 2
3803 3803 2
3804 3804 2
3805 3805 2
3806 3806 2
3807 3807 2
3808 3808 2
3809 3809 2
3810 3810 2
3811 3811 2
3812 3812 2
3813 3813 2
3814 3814 2
3815 3815 2
3816 3816 2
3817 3817 2
3818 3818 2
3819 3819 2
3820 3820 2
3821 3821 2
3822 3822 2
3823 3823 2
3824 3824 2
3825 3825 2
3826 3826 2
3827 3827 2
3828 3828 2
3829 3829 2
3830 3830 2
3831 3831 2
3832 3832 2
3833 3833 2
3834 3834 2
3835 3835 2
3836 3836 2
3837 3837 2
3838 3838 2
3839 3839 2
3840 3840 2
3841 3841 2
3842 3842 2
3843 3843 2
3844 3844 2
3845 3845 2
3846 3846 2
3847 3847 2
3848 3848 2
3849 3849 2
3850 3850 2
3851 3851 2
3852 3852 2
3853 3853 2
3854 3854 2
3855 3855 2
3856 3856 2
3857 3857 2
3858 3858 2
3859 3859 2
3860 3860 2
3861 3861 2
3862 3862 2
3863 3863 2
3864 3864 2
3865 3865 2
3866 3866 2
3867 3867 2
3868 3868 2
3869 3869 2
3870 3870 2
3871 3871 2
3872 3872 2
3873 3873 2
3874 3874 2
3875 3875 2
3876 3876 2
3877 3877 2
3878 3878 2
3879 3879 2
3880 3880 2
3881 3881 2
3882 3882 2
3883 3883 2
3884 3884 2
3885 3885 2
3886 3886 2
3887 3887 2
3888 3888 2
3889 3889 2
3890 3890 2
3891 3891 2
3892 3892 2
3893 3893 2
3894 3894 2
3895 3895 2
3896 3896 2
3897 3897 2
3898 3898 2
3899 3899 2
3900 3900 2
3901 3901 2
3902 3902 2
3903 3903 2
3904 3904 2
3905 3905 2
3906 3906 2
3907 3907 2
3908 3908 2
3909 3909 2
3910 3910 2
3911 3911 2
3912 3912 2
3913 3913 2
3914 3914 2
3915 3915 2
3916 3916 2
3917 3917 2
3918 3918 2
3919 3919 2
3920 3920 2
3921 3921 2
3922 3922 2
3923 3923 2
3924 3924 2
3925 3925 2
3926 3926 2
3927 3927 2
3928 3928 2
3929 3929 2
3930 3930 2
3931 3931 2
3932 3932 2
3933 3933 2
3934 3934 2
3935 3935 2
3936 3936 2
3937 3937 2
3938 3938 2
3939 3939 2
3940 3940 2
3941 3941 2
3942 3942 2
3943 3943 2
3944 3944 2
3945 3945 2
3946 3946 2
3947 3947 2
3948 3948 2
3949 3949 2
3950 3950 2
3951 3951 2
3952 3952 2
3953 3953 2
3954 3954 2
3955 3955 2
3956 3956 2
3957 3957 2
3958 3958 2
3959 3959 2
3960 3960 2
3961 3961 2
3962 3962 2
3963 3963 2
3964 3964 2
3965 3965 2
3966 3966 2
3967 3967 2
3968 3968 2
3969 3969 2
3970 3970 2
3971 3971 2
3972 3972 2
3973 3973 2
3974 3974 2
3975 3975 2
3976 3976 2
3977 3977 2
3978 3978 2
3979 3979 2
3980 3980 2
3981 3981 2
3982 3982 2
3983 3983 2
3984 3984 2
3985 3985 2
3986 3986 2
3987 3987 2
3988 3988 2
3989 3989 2
3990 3990 2
3991 3991 2
3992 3992 2
3993 3993 2
3994 3994 2
3995 3995 2
3996 3996 2
3997 3997 2
3998 3998 2
3999 3999 2
4000 4000 2
4001 4001 2
4002 4002 2
4003 4003 2
4004 4004 2
4005 4005 2
4006 4006 2
4007 4007 2
4008 4008 2
4009 4009 2
4010 4010 2
4011 4011 2
4012 4012 2
4013 4013 2
4014 4014 2
4015 4015 2
4016 4016 2
4017 4017 2
4018 4018 2
4019 4019 2
4020 4020 2
4021 4021 2
4022 4022 2
4023 4023 2
4024 4024 2
4025 4025 2
4026 4026 2
4027 4027 2
4028 4028 2
4029 4029 2
4030 4030 2
4031 4031 2
4032 4032 2
4033 4033 2
4034 4034 2
4035 4035 2
4036 4036 2
4037 4037 2
4038 4038 2
4039 4039 2
4040 4040 2
4041 4041 2
4042 4042 2
4043 4043 2
4044 4044 2
4045 4045 2
4046 4046 2
4047 4047 2
4048 4048 2
4049 4049 2
4050 4050 2
4051 4051 2
4052 4052 2
4053 4053 2
4054 4054 2
4055 4055 2
4056 4056 2
4057 4057 2
4058 4058 2
4059 4059 2
4060 4060 2
4061 4061 2
4062 4062 2
4063 4063 2
4064 4064 2
4065 4065 2
4066 4066 2
4067 4067 2
4068 4068 2
4069 4069 2
4070 4070 2
4071 4071 2
4072 4072 2
4073 4073 2
4074 4074 2
4075 4075 2
4076 4076 2
4077 4077 2
4078 4078 2
4079 4079 2
4080 4080 2
4081 4081 2
4082 4082 2
4083 4083 2
4084 4084 2
4085 4085 2
4086 4086 2
4087 4087 2
4088 4088 2
4089 4089 2
4090 4090 2
4091 4091 2
4092 4092 2
4093 4093 2
4094 4094 2
4095 4095 2
4096 4096 2
4097 4097 2
4098 4098 2
4099 4099 2
4100 4100 2
4101 4101 2
4102 4102 2
4103 4103 2
4104 4104 2
4105 4105 2
4106 4106 2
4107 4107 2
4108 4108 2
4109 4109 2
4110 4110 2
4111 4111 2
4112 4112 2
4113 4113 2
4114 4114 2
4115 4115 2
4116 4116 2
4117 4117 2
4118 4118 2
4119 4119 2
4120 4120 2
4121 4121 2
4122 4122 2
4123 4123 2
4124 4124 2
4125 4125 2
4126 4126 2
4127 4127 2
4128 4128 2
4129 4129 2
4130 4130 2
4131 4131 2
4132 4132 2
4133 4133 2
4134 4134 2
4135 4135 2
4136 4136 2
4137 4137 2
4138 4138 2
4139 4139 2
4140 4140 2
4141 4141 2
4142 4142 2
4143 4143 2
4144 4144 2
4145 4145 2
4146 4146 2
4147 4147 2
4148 4148 2
4149 4149 2
4150 4150 2
4151 4151 2
4152 4152 2
4153 4153 2
4154 4154 2
4155 4155 2
4156 4156 2
4157 4157 2
4158 4158 2
4159 4159 2
4160 4160 2
4161 4161 2
4162 4162 2
4163 4163 2
4164 4164 2
4165 4165 2
4166 4166 2
4167 4167 2
4168 4168 2
4169 4169 2
4170 4170 2
4171 4171 2
4172 4172 2
4173 4173 2
4174 4174 2
4175 4175 2
4176 4176 2
4177 4177 2
4178 4178 2
4179 4179 2
4180 4180 2
4181 4181 2
4182 4182 2
4183 4183 2
4184 4184 2
4185 4185 2
4186 4186 2
4187 4187 2
4188 4188 2
4189 4189 2
4190 4190 2
4191 4191 2
4192 4192 2
4193 4193 2
4194 4194 2
4195 4195 2
4196 4196 2
4197 4197 2
4198 4198 2
4199 4199 2
4200 4200 2
4201 4201 2
4202 4202 2
4203 4203 2
4204 4204 2
4205 4205 2
4206 4206 2
4207 4207 2
4208 4208 2
4209 4209 2
4210 4210 2
4211 4211 2
4212 4212 2
4213 4213 2
4214 4214 2
4215 4215 2
4216 4216 2
4217 4217 2
4218 4218 2
4219 4219 2
4220 4220 2
4221 4221 2
4222 4222 2
4223 4223 2
4224 4224 2
4225 4225 2
4226 4226 2
4227 4227 2
4228 4228 2
4229 4229 2
4230 4230 2
4231 4231 2
4232 4232 2
4233 4233 2
4234 4234 2
4235 4235 2
4236 4236 2
4237 4237 2
4238 4238 2
4239 4239 2
4240 4240 2
4241 4241 2
4242 4242 2
4243 4243 2
4244 4244 2
4245 4245 2
4246 4246 2
4247 4247 2
4248 4248 2
4249 4249 2
4250 4250 2
4251 4251 2
4252 4252 2
4253 4253 2
4254 4254 2
4255 4255 2
4256 4256 2
4257 4257 2
4258 4258 2
4259 4259 2
4260 4260 2
4261 4261 2
4262 4262 2
4263 4263 2
4264 4264 2
4265 4265 2
4266 4266 2
4267 4267 2
4268 4268 2
4269 4269 2
4270 4270 2
4271 4271 2
4272 4272 2
4273 4273 2
4274 4274 2
4275 4275 2
4276 4276 2
4277 4277 2
4278 4278 2
4279 4279 2
4280 4280 2
4281 4281 2
4282 4282 2
4283 4283 2
4284 4284 2
4285 4285 2
4286 4286 2
4287 4287 2
4288 4288 2
4289 4289 2
4290 4290 2
4291 4291 2
4292 4292 2
4293 4293 2
4294 4294 2
4295 4295 2
4296 4296 2
4297 4297 2
4298 4298 2
4299 4299 2
4300 4300 2
4301 4301 2
4302 4302 2
4303 4303 2
4304 4304 2
4305 4305 2
4306 4306 2
4307 4307 2
4308 4308 2
4309 4309 2
4310 4310 2
4311 4311 2
4312 4312 2
4313 4313 2
4314 4314 2
4315 4315 2
4316 4316 2
4317 4317 2
4318 4318 2
4319 4319 2
4320 4320 2
4321 4321 2
4322 4322 2
4323 4323 2
4324 4324 2
4325 4325 2
4326 4326 2
4327 4327 2
4328 4328 2
4329 4329 2
4330 4330 2
4331 4331 2
4332 4332 2
4333 4333 2
4334 4334 2
4335 4335 2
4336 4336 2
4337 4337 2
4338 4338 2
4339 4339 2
4340 4340 2
4341 4341 2
4342 4342 2
4343 4343 2
4344 4344 2
4345 4345 2
4346 4346 2
4347 4347 2
4348 4348 2
4349 4349 2
4350 4350 2
4351 4351 2
4352 4352 2
4353 4353 2
4354 4354 2
4355 4355 2
4356 4356 2
4357 4357 2
4358 4358 2
4359 4359 2
4360 4360 2
4361 4361 2
4362 4362 2
4363 4363 2
4364 4364 2
4365 4365 2
4366 4366 2
4367 4367 2
4368 4368 2
4369 4369 2
4370 4370 2
4371 4371 2
4372 4372 2
4373 4373 2
4374 4374 2
4375 4375 2
4376 4376 2
4377 4377 2
4378 4378 2
4379 4379 2
4380 4380 2
4381 4381 2
4382 4382 2
4383 4383 2
4384 4384 2
4385 4385 2
4386 4386 2
4387 4387 2
4388 4388 2
4389 4389 2
4390 4390 2
4391 4391 2
4392 4392 2
4393 4393 2
4394 4394 2
4395 4395 2
4396 4396 2
4397 4397 2
4398 4398 2
4399 4399 2
4400 4400 2
4401 4401 2
4402 4402 2
4403 4403 2
4404 4404 2
4405 4405 2
4406 4406 2
4407 4407 2
4408 4408 2
4409 4409 2
4410 4410 2
4411 4411 2
4412 4412 2
4413 4413 2
4414 4414 2
4415 4415 2
4416 4416 2
4417 4417 2
4418 4418 2
4419 4419 2
4420 4420 2
4421 4421 2
4422 4422 2
4423 4423 2
4424 4424 2
4425 4425 2
4426 4426 2
4427 4427 2
4428 4428 2
4429 4429 2
4430 4430 2
4431 4431 2
4432 4432 2
4433 4433 2
4434 4434 2
4435 4435 2
4436 4436 2
4437 4437 2
4438 4438 2
4439 4439 2
4440 4440 2
4441 4441 2
4442 4442 2
4443 4443 2
4444 4444 2
4445 4445 2
4446 4446 2
4447 4447 2
4448 4448 2
4449 4449 2
4450 4450 2
4451 4451 2
4452 4452 2
4453 4453 2
4454 4454 2
4455 4455 2
4456 4456 2
4457 4457 2
4458 4458 2
4459 4459 2
4460 4460 2
4461 4461 2
4462 4462 2
4463 4463 2
4464 4464 2
4465 4465 2
4466 4466 2
4467 4467 2
4468 4468 2
4469 4469 2
4470 4470 2
4471 4471 2
4472 4472 2
4473 4473 2
4474 4474 2
4475 4475 2
4476 4476 2
4477 4477 2
4478 4478 2
4479 4479 2
4480 4480 2
4481 4481 2
4482 4482 2
4483 4483 2
4484 4484 2
4485 4485 2
4486 4486 2
4487 4487 2
4488 4488 2
4489 4489 2
4490 4490 2
4491 4491 2
4492 4492 2
4493 4493 2
4494 4494 2
4495 4495 2
4496 4496 2
4497 4497 2
4498 4498 2
4499 4499 2
4500 4500 2
4501 4501 2
4502 4502 2
4503 4503 2
4504 4504 2
4505 4505 2
4506 4506 2
4507 4507 2
4508 4508 2
4509 4509 2
4510 4510 2
4511 4511 2
4512 4512 2
4513 4513 2
4514 4514 2
4515 4515 2
4516 4516 2
4517 4517 2
4518 4518 2
4519 4519 2
4520 4520 2
4521 4521 2
4522 4522 2
4523 4523 2
4524 4524 2
4525 4525 2
4526 4526 2
4527 4527 2
4528 4528 2
4529 4529 2
4530 4530 2
4531 4531 2
4532 4532 2
4533 4533 2
4534 4534 2
4535 4535 2
4536 4536 2
4537 4537 2
4538 4538 2
4539 4539 2
4540 4540 2
4541 4541 2
4542 4542 2
4543 4543 2
4544 4544 2
4545 4545 2
4546 4546 2
4547 4547 2
4548 4548 2
4549 4549 2
4550 4550 2
4551 4551 2
4552 4552 2
4553 4553 2
4554 4554 2
4555 4555 2
4556 4556 2
4557 4557 2
4558 4558 2
4559 4559 2
4560 4560 2
4561 4561 2
4562 4562 2
4563 4563 2
4564 4564 2
4565 4565 2
4566 4566 2
4567 4567 2
4568 4568 2
4569 4569 2
4570 4570 2
4571 4571 2
4572 4572 2
4573 4573 2
4574 4574 2
4575 4575 2
4576 4576 2
4577 4577 2
4578 4578 2
4579 4579 2
4580 4580 2
4581 4581 2
4582 4582 2
4583 4583 2
4584 4584 2
4585 4585 2
4586 4586 2
4587 4587 2
4588 4588 2
4589 4589 2
4590 4590 2
4591 4591 2
4592 4592 2
4593 4593 2
4594 4594 2
4595 4595 2
4596 4596 2
4597 4597 2
4598 4598 2
4599 4599 2
4600 4600 2
4601 4601 2
4602 4602 2
4603 4603 2
4604 4604 2
4605 4605 2
4606 4606 2
4607 4607 2
4608 4608 2
4609 4609 2
4610 4610 2
4611 4611 2
4612 4612 2
4613 4613 2
4614 4614 2
4615 4615 2
4616 4616 2
4617 4617 2
4618 4618 2
4619 4619 2
4620 4620 2
4621 4621 2
4622 4622 2
4623 4623 2
4624 4624 2
4625 4625 2
4626 4626 2
4627 4627 2
4628 4628 2
4629 4629 2
4630 4630 2
4631 4631 2
4632 4632 2
4633 4633 2
4634 4634 2
4635 4635 2
4636 4636 2
4637 4637 2
4638 4638 2
4639 4639 2
4640 4640 2
4641 4641 2
4642 4642 2
4643 4643 2
4644 4644 2
4645 4645 2
4646 4646 2
4647 4647 2
4648 4648 2
4649 4649 2
4650 4650 2
4651 4651 2
4652 4652 2
4653 4653 2
4654 4654 2
4655 4655 2
4656 4656 2
4657 4657 2
4658 4658 2
4659 4659 2
4660 4660 2
4661 4661 2
4662 4662 2
4663 4663 2
4664 4664 2
4665 4665 2
4666 4666 2
4667 4667 2
4668 4668 2
4669 4669 2
4670 4670 2
4671 4671 2
4672 4672 2
4673 4673 2
4674 4674 2
4675 4675 2
4676 4676 2
4677 4677 2
4678 4678 2
4679 4679 2
4680 4680 2
4681 4681 2
4682 4682 2
4683 4683 2
4684 4684 2
4685 4685 2
4686 4686 2
4687 4687 2
4688 4688 2
4689 4689 2
4690 4690 2
4691 4691 2
4692 4692 2
4693 4693 2
4694 4694 2
4695 4695 2
4696 4696 2
4697 4697 2
4698 4698 2
4699 4699 2
4700 4700 2
4701 4701 2
4702 4702 2
4703 4703 2
4704 4704 2
4705 4705 2
4706 4706 2
4707 4707 2
4708 4708 2
4709 4709 2
4710 4710 2
4711 4711 2
4712 4712 2
4713 4713 2
4714 4714 2
4715 4715 2
4716 4716 2
4717 4717 2
4718 4718 2
4719 4719 2
4720 4720 2
4721 4721 2
4722 4722 2
4723 4723 2
4724 4724 2
4725 4725 2
4726 4726 2
4727 4727 2
4728 4728 2
4729 4729 2
4730 4730 2
4731 4731 2
4732 4732 2
4733 4733 2
4734 4734 2
4735 4735 2
4736 4736 2
4737 4737 2
4738 4738 2
4739 4739 2
4740 4740 2
4741 4741 2
4742 4742 2
4743 4743 2
4744 4744 2
4745 4745 2
4746 4746 2
4747 4747 2
4748 4748 2
4749 4749 2
4750 4750 2
4751 4751 2
4752 4752 2
4753 4753 2
4754 4754 2
4755 4755 2
4756 4756 2
4757 4757 2
4758 4758 2
4759 4759 2
4760 4760 2
4761 4761 2
4762 4762 2
4763 4763 2
4764 4764 2
4765 4765 2
4766 4766 2
4767 4767 2
4768 4768 2
4769 4769 2
4770 4770 2
4771 4771 2
4772 4772 2
4773 4773 2
4774 4774 2
4775 4775 2
4776 4776 2
4777 4777 2
4778 4778 2
4779 4779 2
4780 4780 2
4781 4781 2
4782 4782 2
4783 4783 2
4784 4784 2
4785 4785 2
4786 4786 2
4787 4787 2
4788 4788 2
4789 4789 2
4790 4790 2
4791 4791 2
4792 4792 2
4793 4793 2
4794 4794 2
4795 4795 2
4796 4796 2
4797 4797 2
4798 4798 2
4799 4799 2
4800 4800 2
4801 4801 2
4802 4802 2
4803 4803 2
4804 4804 2
4805 4805 2
4806 4806 2
4807 4807 2
4808 4808 2
4809 4809 2
4810 4810 2
4811 4811 2
4812 4812 2
4813 4813 2
4814 4814 2
4815 4815 2
4816 4816 2
4817 4817 2
4818 4818 2
4819 4819 2
4820 4820 2
4821 4821 2
4822 4822 2
4823 4823 2
4824 4824 2
4825 4825 2
4826 4826 2
4827 4827 2
4828 4828 2
4829 4829 2
4830 4830 2
4831 4831 2
4832 4832 2
4833 4833 2
4834 4834 2
4835 4835 2
4836 4836 2
4837 4837 2
4838 4838 2
4839 4839 2
4840 4840 2
4841 4841 2
4842 4842 2
4843 4843 2
4844 4844 2
4845 4845 2
4846 4846 2
4847 4847 2
4848 4848 2
4849 4849 2
4850 4850 2
4851 4851 2
4852 4852 2
4853 4853 2
4854 4854 2
4855 4855 2
4856 4856 2
4857 4857 2
4858 4858 2
4859 4859 2
4860 4860 2
4861 4861 2
4862 4862 2
4863 4863 2
4864 4864 2
4865 4865 2
4866 4866 2
4867 4867 2
4868 4868 2
4869 4869 2
4870 4870 2
4871 4871 2
4872 4872 2
4873 4873 2
4874 4874 2
4875 4875 2
4876 4876 2
4877 4877 2
4878 4878 2
4879 4879 2
4880 4880 2
4881 4881 2
4882 4882 2
4883 4883 2
4884 4884 2
4885 4885 2
4886 4886 2
4887 4887 2
4888 4888 2
4889 4889 2
4890 4890 2
4891 4891 2
4892 4892 2
4893 4893 2
4894 4894 2
4895 4895 2
4896 4896 2
4897 4897 2
4898 4898 2
4899 4899 2
4900 4900 2
4901 4901 2
4902 4902 2
4903 4903 2
4904 4904 2
4905 4905 2
4906 4906 2
4907 4907 2
4908 4908 2
4909 4909 2
4910 4910 2
4911 4911 2
4912 4912 2
4913 4913 2
4914 4914 2
4915 4915 2
4916 4916 2
4917 4917 2
4918 4918 2
4919 4919 2
4920 4920 2
4921 4921 2
4922 4922 2
4923 4923 2
4924 4924 2
4925 4925 2
4926 4926 2
4927 4927 2
4928 4928 2
4929 4929 2
4930 4930 2
4931 4931 2
4932 4932 2
4933 4933 2
4934 4934 2
4935 4935 2
4936 4936 2
4937 4937 2
4938 4938 2
4939 4939 2
4940 4940 2
4941 4941 2
4942 4942 2
4943 4943 2
4944 4944 2
4945 4945 2
4946 4946 2
4947 4947 2
4948 4948 2
4949 4949 2
4950 4950 2
4951 4951 2
4952 4952 2
4953 4953 2
4954 4954 2
4955 4955 2
4956 4956 2
4957 4957 2
4958 4958 2
4959 4959 2
4960 4960 2
4961 4961 2
4962 4962 2
4963 4963 2
4964 4964 2
4965 4965 2
4966 4966 2
4967 4967 2
4968 4968 2
4969 4969 2
4970 4970 2
4971 4971 2
4972 4972 2
4973 4973 2
4974 4974 2
4975 4975 2
4976 4976 2
4977 4977 2
4978 4978 2
4979 4979 2
4980 4980 2
4981 4981 2
4982 4982 2
4983 4983 2
4984 4984 2
4985 4985 2
4986 4986 2
4987 4987 2
4988 4988 2
4989 4989 2
4990 4990 2
4991 4991 2
4992 4992 2
4993 4993 2
4994 4994 2
4995 4995 2
4996 4996 2
4997 4997 2
4998 4998 2
4999 4999 2
5000 5000 2
