1 1 -3.342643652669411 -7.580344247514794 8.974524443762082 3.3058775164377145
2 2 16.702537435001673 -0.14189862323246533 4.187196750859801 -2.820716880806667
3 3 -6.898797920552229 -8.029049653545142 -7.028518604128273 -1.6955936373605403
4 4 7.263893389973972 6.2786319192027555 -5.343934376092785 4.361373810865577
5 5 13.155162949621033 -4.104403063436484 3.7275494014813484 -2.369285555580476
6 6 17.01797431544904 -2.0268414401806507 3.661435823353537 -5.232270474483576
7 7 -5.727657822359408 -9.008365325719938 -7.681743076006642 -1.2811564832374356
8 8 -9.729734931363097 9.115960942699822 -1.745056542081725 -2.7786857273944507
9 9 4.742798015225161 6.760148416428322 -5.218945279083876 7.116880452782588
10 10 4.449833401704909 5.055154379661053 -5.560479046224361 5.110939514271093
11 11 6.6032758600812205 5.078008121196889 -7.105792975643127 6.261228923092911
12 12 -10.875118628242381 12.159711945043304 0.22624597694101503 -2.3638768267502805
13 13 -1.1457695409693507 -4.830078166731 6.296133057849505 4.387895006820732
14 14 13.393416656899335 -3.2067247219061734 3.2852783512921033 -1.5571731487967069
15 15 -7.29506145762024 -3.727329619363709 10.16157176649959 5.580636958715087
16 16 -10.456866615486213 11.306991627441368 -0.06806569510342671 -5.16789918066116
17 17 -8.221558397799516 8.656922396172446 0.3220802782464956 -3.583516093593406
18 18 4.023384095152217 5.303143269437112 -5.013154162405967 3.736603461720599
19 19 -10.851540827379374 9.081008551230807 -0.37058527239598643 -4.401714888120144
20 20 -5.845751725449229 -5.014004658948268 10.30519597083673 4.265375500267628
21 21 11.230016544876891 -1.1167018968458873 0.680231385373238 -4.289012029319618
22 22 -11.813301324129458 9.22141768933339 0.7673923669635768 -3.7801418595722103
23 23 7.404508399285701 5.607006034402368 -6.46394361062534 6.798814633553503
24 24 12.637401671088503 0.32500101428775396 0.7765038370071302 -2.0027798376565022
25 25 14.290505752964956 -0.5752743112598503 1.2515735248520228 -3.131806641944658
26 26 -9.955454433369866 8.262050151409944 0.23545633642720376 -4.560972093100749
27 27 16.11535960561242 -2.4148972226882104 3.2284966371427526 -2.3335649462177797
28 28 11.604584027330858 -0.9965705358016129 3.364404721778469 -3.5825949597944673
29 29 -10.710975204114622 7.579826148187585 1.482160656795113 -6.855236293578729
30 30 5.93069945761217 5.868061172691146 -6.054198337497636 3.8677731552301253
31 31 -5.360127663251564 -8.49374454760261 -6.832194179293118 0.8071586474107747
32 32 -12.540113897237747 10.559590525373212 1.3053188963476063 -4.295522761942872
33 33 -7.2096470695409725 -6.717325289545041 -5.409147497286136 -3.00412961895108
34 34 15.178364786625497 -2.8101010522713006 1.6898852728669378 -2.7530514291114625
35 35 6.3083456489660525 7.910234152287771 -4.427665249106108 3.0786250176891437
36 36 -6.647747603321671 -5.205247622945273 8.43520458476541 2.788177747436043
37 37 4.938922364577127 6.739752219786489 -5.941509709081722 5.831194307932744
38 38 -4.2181818249314125 -1.8691847552550478 8.616076085044714 6.689306989709489
39 39 -7.440193517067307 -9.179887622710282 -6.412016757494238 -3.7409914988589335
40 40 -5.444876487546408 -10.49588549870686 -4.772119699023381 -1.0888937936171357
41 41 -7.182827494155696 7.200308075605065 0.7037942185382343 -5.207731859189393
42 42 -11.814021497502127 11.697007373392253 -0.6236251958186287 -4.828361120833155
43 43 -6.814011771445512 -8.996033247366526 -5.3409282335811845 -1.0320721242128998
44 44 14.258052330937272 -3.773776683312612 4.701587227283909 -4.904427951520003
45 45 -9.585099130868587 6.428372172376096 2.1884036847677972 -3.469915348395069
46 46 -7.010715749587168 -10.451636377975854 -5.341722176258778 -2.374597913330712
47 47 14.448939938294172 -1.7494529346639787 3.0621690639979535 -4.535743794115223
48 48 16.19940845312769 -0.9428165790732761 3.0985749489941683 -5.285102907267963
49 49 15.996288775910347 -3.582299400404349 2.967763279425851 -5.779646358123322
50 50 -5.246501524411821 9.139190874421697 0.7284843935318565 -4.303016826065916
51 51 7.511121760983103 4.269626484974379 -5.379249303047248 5.396762711174904
52 52 10.640520421978437 -0.6036110353007369 2.259972240802039 -3.889550885351235
53 53 -9.288253180314468 7.448872890133999 2.2538606179029856 -5.565753821732901
54 54 -2.982301650127473 -11.900927725636535 -6.794379533619778 -2.711316825119559
55 55 13.286000174080684 -2.653325275260041 3.7782175825617106 -4.906903135256226
56 56 -6.0514713074063815 -10.617258645502224 -5.184264496001333 -1.0087101657431066
57 57 11.128231118238217 -1.2822443689181784 4.182013977588712 -3.7571234078357443
58 58 -9.20254631483021 7.577458173095392 2.071289859447076 -5.518721977045566
59 59 -6.594574290053691 9.210536090598026 -0.04046162228868213 -4.051243281017028
60 60 12.690788917218716 -2.6699048223713207 3.7266049276765134 -5.405490447531128
61 61 -5.413827613760118 -4.448426969925922 7.994692007366457 2.578450962680689
62 62 -4.939851804192298 -9.47281136706544 -7.433532861080156 -1.91450651860639
63 63 4.453515714761975 3.5997543399579097 -7.742390615787748 3.7769842149594957
64 64 -2.5275401839165137 -5.038531818966765 8.783114847673746 4.840129257414974
65 65 -5.1706821380630155 -10.665860310239248 -4.831371683192767 -2.412070993105459
66 66 13.474727833224737 -3.9209470481979123 4.868133084864138 -3.1014264002347636
67 67 -2.816374975553439 -9.409569429852127 -5.087916820455034 0.8810139824100647
68 68 -11.463362751468075 8.47955027313594 0.18249383434730393 -5.379555052580858
69 69 14.54644642378982 -2.598860337831634 4.687042596200028 -5.632088667879003
70 70 8.23473280972705 5.819119136528018 -5.7741072601354455 9.068228232690272
71 71 8.010085118234354 6.294510051095829 -4.394224705660647 8.37072102475536
72 72 14.267576698264042 0.06722462264184198 5.213794891103638 -4.144257228914334
73 73 15.328882308330359 0.37219684188138435 2.9157167011625624 -4.4763812689674
74 74 -8.233284660595219 9.481289363384404 -0.13171246493732286 -5.134968100278793
75 75 12.35619154781727 -3.541555050616264 0.5679187488074173 -2.503144192915438
76 76 -6.575600044342579 -4.076842020248252 7.610584804115451 3.529402737081583
77 77 5.2772571376007775 5.651932679953194 -5.5927557344359915 3.78813850479663
78 78 -6.826801448356185 -5.637718933412545 7.803423943937667 5.080130061707247
79 79 15.656348114639272 -1.2755158799960433 2.2057452911488475 -4.328883076289191
80 80 -4.84777127958303 -9.294517336105603 -5.2675652813893095 -0.11737338064575999
81 81 6.001054465204086 7.726774003746621 -5.491592019458699 4.5273307165161665
82 82 -6.890994833311492 -3.8601788142497795 9.466982585831449 4.148902914017594
83 83 12.811945814554054 -1.0163433286670878 3.744142227158073 -2.9196168950231693
84 84 12.60529693030079 -0.2092807699121592 2.463688019680479 -1.6529795273242707
85 85 -6.763850804158449 -8.778461531269 -5.9531722243370915 0.07069255558765825
86 86 -9.461924406492797 9.55197612230659 1.681576165002288 -3.721744373409978
87 87 14.311276316227708 0.09945954768872288 3.1528366673592156 -5.523398356248958
88 88 7.279082026781966 2.76043362170473 -5.945582342513709 6.662496865909539
89 89 4.471183548013407 5.38912296815998 -4.127032869451424 4.940354777189451
90 90 4.585105753215972 6.445765502924095 -5.059171212607927 7.088491757498184
91 91 7.5890287718257445 7.4674139782449505 -5.5590022973957005 8.484724415783672
92 92 -5.984350657856603 -2.9141893354336106 9.788179476291742 6.840875937239683
93 93 -7.960561980825902 9.97497540084183 -0.5350664493050518 -2.7598259785246215
94 94 -10.042023133486495 13.0225302216147 3.24509245898029 -4.862135589072363
95 95 -4.44927509304466 -9.760403379967803 -4.736772954824663 -2.5164574601561673
96 96 -2.8573709127445404 -7.392701889486111 -4.961931675926696 -0.9318799057612192
97 97 16.07336683540632 0.1329865159870611 3.2604281150078607 -5.232164725918452
98 98 -5.234424632705401 -9.615003739890069 -4.024765108438353 -2.3463588983185693
99 99 7.250126997713996 6.376559595206235 -2.788928696969745 6.214853096308645
100 100 -5.216626444529853 -9.673289254473495 -2.1952368905196393 -2.004309017140385
101 101 14.603211858388661 -3.018768155672481 3.1063710324075235 -1.3903647441048257
102 102 -2.8660563803969157 -8.515021566152688 -5.736058063710342 0.615249712319102
103 103 -10.660096062135308 10.48405211501024 2.0934046139362383 -5.767810338389629
104 104 -5.8093555595063995 7.593011478636656 -2.191986241310521 -4.443897950641004
105 105 6.845243212521399 5.8059497128802855 -5.55522851209945 7.9660813169314935
106 106 -10.032265234168984 10.903821490822242 2.967325803596201 -4.173545689819679
107 107 -7.195930444938374 -6.369664651873588 7.918755873186671 4.156621348241624
108 108 13.906026805371276 -2.645954371996083 1.7767344078304728 -3.5069396243132034
109 109 15.064689736684526 -0.5428892778595562 2.408966998056322 -3.545409930244428
110 110 12.783162981740869 0.1380409835880672 5.380543695055504 -5.494408940625386
111 111 -10.036316491103332 7.284839450198992 2.096587488788566 -4.506776728566072
112 112 11.983954187685088 -3.0033205135058485 3.207180178616873 -5.030459955102896
113 113 11.517193415648087 -2.6794913527234128 2.544233385343673 -3.400962600772519
114 114 13.565299746216628 -0.02038356582146627 2.9922334968503774 -5.721793630416822
115 115 13.970894796855754 -2.875920799831422 2.49469709846234 -3.2147532585626966
116 116 -4.235085390686295 -9.566157103842768 -6.728050914376536 -1.6202864067906906
117 117 -8.294296746349207 -3.125099760176293 11.247052321721425 7.44131764028043
118 118 11.08226511943491 -3.105584267872045 2.2035452402985367 -2.4318678583074123
119 119 7.40989135321996 5.836599299589881 -5.3760774752663165 5.711090502058499
120 120 -8.76417689088053 9.878099273674458 -0.9425395623180483 -3.259518280555908
121 121 6.105102225460338 6.375576216807297 -4.415129511370952 8.510353715110908
122 122 -5.757640493593984 -9.123487743480636 -6.56115889171076 -2.139612151542983
123 123 16.377407891116064 -0.9408585145738848 5.549224150363603 -6.642471406447539
124 124 14.186638966025685 -1.2333400686859484 3.1833626106772575 -4.204163381390784
125 125 8.770696232156583 5.172098585785538 -6.727549803580547 6.338202768126433
126 126 6.472529184304418 5.625484063940274 -3.928623348781848 3.796309153253129
127 127 -8.25484111078565 0.15305428369718746 10.077708338814876 6.354667078587058
128 128 -4.044502066591014 -5.564234850757349 10.097167501031617 3.7817460421933475
129 129 6.566080218447078 5.239250380521805 -8.832263579389096 6.340807406290597
130 130 -9.417270791198197 13.007729934254678 2.2211168871261564 -3.2764791440839236
131 131 12.505464656938925 -2.7577497465382548 0.7127057106614924 -3.8318607775248097
132 132 -9.839800674849075 11.102832913697977 -0.6949521137846532 -4.216792915044476
133 133 -4.364656916888414 -7.812989129736795 -4.268676956116425 -2.753093533486841
134 134 9.434152017087483 -1.8331598811102066 2.8740367127119733 -1.9789644111003981
135 135 14.459627317447758 -2.1935975338554035 1.4769031398014323 -3.912205549994848
136 136 -2.960280346040497 -10.567236043723575 -6.680825552955929 -2.3222805754796916
137 137 4.540986960386986 5.527794938356933 -3.27133174937514 4.902736610481674
138 138 -9.618079658485794 -8.688504361645021 -5.828440345321485 -2.1198976936358047
139 139 -4.969743370074327 -9.046501940383711 -5.54920826177094 -0.3871230939968779
140 140 0.5142634177344755 -1.5588026835527218 6.5759497712014285 5.571653280562944
141 141 4.342804755188105 4.406496869349565 -3.5584694937396995 5.4426690317533515
142 142 -3.8876600328213384 -10.402329910748207 -6.95937017014519 0.5947301888745152
143 143 14.171731691582604 -2.550679965230569 3.855147801037879 -3.599985389354766
144 144 -6.597318812045936 -4.90578687888062 9.804428991037806 5.665269667592106
145 145 13.673219129340373 -0.513823160723735 2.1559080551177185 -3.3997810541859605
146 146 -7.773679861756303 -5.999481932375292 9.759607256696858 6.759957669561213
147 147 13.616950245864492 -1.8664216734740342 3.7825471716071934 -5.310835516984508
148 148 -7.434324418671548 -7.685034610221009 -4.767021402843664 -1.202460033766644
149 149 -6.484601216195683 -9.390887943774564 -5.631272876227936 0.9177685814747625
150 150 -1.8038610962904273 -6.757685276314114 5.4231347726861685 1.6305844648847447
151 151 -6.520212020955159 -5.005715109299108 9.19854123639344 4.038705992965451
152 152 -6.498303785230752 -9.595852939913188 -5.02582206343422 -2.4637816708082156
153 153 -9.217836509634932 12.49201969386931 1.9115652326646355 -6.369914165413661
154 154 5.015557053990377 6.462325571261554 -5.761290707527987 4.675974648465964
155 155 -8.99127710814088 9.385225261691692 1.4816132435491591 -7.370227605908502
156 156 -5.042833613963486 -4.589415312868028 8.917043562581485 4.449790588461904
157 157 15.20370463351456 -0.036564809098690344 4.697964297359306 -4.533388180585271
158 158 12.593452329600625 -2.876430768132774 4.69778748020097 -3.456010879604285
159 159 -6.001820906770293 -7.596345814425009 -3.725765548709296 -0.2575564594049399
160 160 2.3294802780223813 2.9074582523934813 -6.4488740464560745 3.837821896247497
161 161 -6.2273590940159975 -5.480841592288453 6.2459294318064815 4.321962596102203
162 162 -10.324074862149354 11.097410306657848 1.0061116941693236 -5.300995572832945
163 163 2.8728673116806775 5.57125121642712 -4.500034070160734 4.216620610367526
164 164 -9.147509553024017 12.731310810036248 -0.8903274199229254 -2.5123632506490043
165 165 -7.5068078837125185 -3.93109453095384 9.40254445196569 4.355617423162088
166 166 14.949055913078386 0.04762998828969714 1.669138370242808 -4.794973907841231
167 167 -5.226730725376599 -10.64677132896455 -5.142479981552413 -0.07958294114314021
168 168 11.08153957744323 -0.6251888618796635 1.72086418457131 -1.753946272737742
169 169 -6.613667164150164 -2.863197767455812 8.423805931776737 5.38635133128871
170 170 7.606064028314828 4.683138837823965 -3.7829157151840187 5.601603532192207
171 171 -11.118632620131372 9.810342889053635 0.8579444856118943 -4.774302496474536
172 172 -8.438676365675972 8.870522920444689 1.932058317693035 -1.1099507057129683
173 173 -5.42441010855613 -10.071905051020215 -6.99868779462154 -2.4518652691898257
174 174 4.458652970922225 6.282912199204829 -6.295286976316576 6.075465140707338
175 175 -3.8931178189793285 -7.502472914234943 -5.7197781958212595 0.8027522089776716
176 176 8.429389268015596 5.4241412428664715 -6.021854814470919 2.997992187088617
177 177 -4.53621494874391 -4.311044998407498 8.519433657547639 2.622443356200843
178 178 -4.991551651991657 -10.139929535136071 -3.560898603011644 -2.0117833948107458
179 179 -11.951340843505893 8.82830946288473 1.475100815765849 -4.985807303729154
180 180 -8.375691283017623 8.148762126196742 4.2538406706219005 -5.48172293102162
181 181 5.015189270963075 8.211305477344041 -4.442569085081729 4.470697664429795
182 182 -7.895846347030209 -9.36382341347132 -4.609044886981575 -1.234358028148263
183 183 -9.739753529636463 11.435439388970897 0.8558536033020663 -4.772409311852729
184 184 -11.34496224751639 11.175272823922118 1.396242817023718 -4.098428620253932
185 185 -7.921433916665691 7.1292586115471694 2.7661373482034985 -4.478944324384412
186 186 14.93338788295335 -0.9645916308077644 2.8589789933243397 -4.414474327768826
187 187 -8.344052056232307 10.927474260521851 0.27553602596396654 -4.217271297520687
188 188 4.450789834777943 6.206250131614392 -4.570650229573651 5.190704970430935
189 189 5.015945296596974 7.2009609761808395 -4.048604925149037 6.193080677926642
190 190 -8.653306854724498 -11.117653023035613 -6.068979126406879 -1.1860248884845312
191 191 -10.136317773986956 8.465774902175538 1.5347429787540354 -4.3273719698824
192 192 14.422549087973367 -0.9854411447061376 5.517474209129203 -5.136463007201007
193 193 -8.51875397161027 -7.632706202975885 -5.814894447095641 -1.1637383523109912
194 194 -6.7409285349855175 -5.877829222085925 -4.781093745689689 -3.6915752638123576
195 195 -12.014213207662847 10.662029129346259 0.5831066109773255 -4.727792012004354
196 196 -5.511461616608445 -11.737627441515825 -4.949243237080464 -2.2653673966114534
197 197 -8.7646776344477 6.347531018259936 1.0905386102768717 -4.136686573226099
198 198 -12.286033397784266 8.930804158965747 2.3259632929728724 -4.369635691181347
199 199 -8.297778433156937 7.325314717752262 3.314658117542619 -5.544236374777156
200 200 -9.047424465039418 7.734030256532108 2.015602017447888 -5.254176995498473
201 201 -8.984878251853553 9.191188332863964 1.0351370635371377 -2.60434678825663
202 202 5.61793993592361 6.6035652408053 -5.313396318917997 4.961250539061061
203 203 -2.1433869214843564 -10.177267012977198 -5.47872884140585 -2.380635164432147
204 204 -7.553178924338999 -4.717598210219499 8.674697455768769 3.7956663194012026
205 205 -10.567630707957292 11.537041607424975 1.2476689626883763 -4.596575940074814
206 206 -4.666056263989022 -2.6723093689324773 9.85056712860391 6.147092620330768
207 207 -5.779885332367279 -5.660508088907717 -7.463312816378089 -2.1654669409687446
208 208 10.696377279136634 -4.467605531854804 0.7746734528021318 -3.811080346446792
209 209 -9.895799342120418 10.972687473841413 -0.3836949403594456 -4.854456017856723
210 210 14.064928149629386 -1.0897188673427953 5.2005947492022075 -4.863285477540902
211 211 -6.5720747032432625 -11.478113242719935 -4.288288280368558 1.8155352308232509
212 212 13.807431305936094 -0.4246883906742605 3.181930156509038 -4.675560622803468
213 213 6.3236047728285065 7.151599182583738 -6.7473034168637485 6.441062043006201
214 214 -4.282469054510413 -3.919042306897716 8.720290962259812 3.4929514472768326
215 215 -7.617026726484799 -11.935053892319143 -4.320237338819193 -3.427027394260584
216 216 11.926405664193464 -1.1033614838085137 2.4370276388065206 -2.2659773999478086
217 217 7.539409282704642 7.019045340990423 -7.639197963813361 6.699003682984576
218 218 2.7760705376321444 6.828587532054101 -5.591611756717473 4.583326000195803
219 219 5.035622475610252 3.957424541831624 -4.470901856005767 5.771445609697649
220 220 -8.42926763136481 12.470941195167882 2.5295192889862843 -6.178610557338935
221 221 6.478002131857958 6.916545210735282 -3.2730544117603575 5.585509377416562
222 222 -7.13433778523742 -6.740454094502683 8.192681669229328 4.287934361099807
223 223 -7.811511138092915 10.113391191881673 -1.6302550853883222 -2.9443135620401333
224 224 6.034464688515662 6.291900186680741 -5.580045976247129 5.0892770352611745
225 225 5.856382025438245 8.875324508216227 -3.645025431844936 3.7162162157248
226 226 -4.790118965298913 -7.256192759980615 -6.195447062818177 0.24553747495236178
227 227 -2.8485223387907617 -4.960544197679652 7.392291251165679 4.929423667342277
228 228 -7.152829515747215 -5.618761892922302 9.876190067578282 7.463280254194806
229 229 12.182733411681637 -0.6558182348552319 1.6136103099353885 -2.5028373301233287
230 230 15.19155838890615 -2.427042963451488 4.160322979081361 -6.723851789507163
231 231 -3.074292864230716 -6.336424050759924 10.686372605695915 3.450930742660626
232 232 -6.928153848283428 -7.274926553902445 8.280608422214893 3.7340739048990246
233 233 -5.60851033837464 -10.665542187160254 -5.491022463467592 0.09519401042501778
234 234 -7.479364826849947 8.186422258434744 3.252312208936563 -5.775860398469588
235 235 -2.2850241862866074 -3.440843539719859 7.651012862144146 3.8789287134146537
236 236 5.392915642506973 4.0806929988522835 -5.949900456504939 7.140305926289844
237 237 -5.918933304289467 -10.692109727086896 -5.97008059504112 -0.6831014795840584
238 238 -9.598496913974401 10.542652253770683 0.8522413625549495 -3.151867869586971
239 239 -9.107828470161216 10.268541861997514 2.427564182934492 -6.87686533083395
240 240 4.38361438871279 6.8178770413948016 -6.976425450347622 7.046740986606149
241 241 -5.344579766234338 -4.860878929795652 11.385951340283324 6.911250851613258
242 242 -6.748068416615798 -1.7528118201271143 8.252069120548013 5.360902771564487
243 243 -5.15874623841936 -11.037677644174755 -5.7095065780526255 -0.24174630555391707
244 244 -9.887416791723407 12.233584842768273 1.0537487560747465 -4.034645968914203
245 245 13.19806134792399 -1.8396644491355334 2.871018040027829 -1.1928383319120421
246 246 8.134986107852772 -2.3071108231803126 6.0532715874780925 -4.781277271800142
247 247 -5.605854497351552 -7.971204305779988 6.026871388688634 4.8716999734506965
248 248 8.064119665778865 7.619895345125877 -5.825028459540456 4.175241954698153
249 249 -5.440056179452637 -5.493800725121963 9.10431334652427 7.836649653014941
250 250 -9.065643516546197 11.063015624967576 0.590190155891063 -3.861705300573064
251 251 -9.88678442062365 9.434363497448661 0.40550870745451456 -1.377741892787617
252 252 -4.353899038764922 -6.6162080081798305 7.084806460133688 7.510511275012917
253 253 -9.336899261650787 11.166281065957302 1.517433661228762 -4.807437879312871
254 254 5.1646729672057266 7.413535503700213 -5.305148291741771 4.570105233759894
255 255 -10.984727217760081 9.43343828728855 1.0947636164522239 -5.2908057913026605
256 256 -6.7617369560144205 -3.7260458633565054 9.868475982912571 6.289746252404926
257 257 5.6784134642812365 5.38707799513861 -6.497710654556143 4.334184811414563
258 258 -8.007121897497319 8.682973169577206 2.552959901311468 -3.0874521367448238
259 259 -5.5575442525269985 -6.864976369564162 7.761267291395238 4.277709987586441
260 260 -5.716872833370935 -8.904586098365659 -4.1122647547689635 -1.888096995928214
261 261 -11.55932184163959 7.518870889040162 1.6229393016344407 -4.94873030444355
262 262 -8.198069949367353 11.830208494296945 1.623135661765383 -4.264766961915498
263 263 16.846996719993836 1.1708897726217364 1.4506493397760316 -4.578864142684217
264 264 -6.950860570048366 -2.4017665651342135 7.24065851291301 4.726866417194701
265 265 -6.224281993171705 -10.71545386108826 -2.593028667526449 1.2123830145967323
266 266 -7.932525556630953 -8.219643478834637 -6.249660096329268 -2.7502164091313728
267 267 -4.56449724762526 -5.3452479556625425 7.178576947106087 5.025071428266638
268 268 -7.341111193762073 -2.9138986781830023 9.237968096189517 5.094519909706158
269 269 -8.149854963644113 -2.6810630776574955 7.480153767624225 4.306956905660015
270 270 -11.15871778506563 9.173443248985922 1.5178647131729892 -5.132702209526444
271 271 11.07076332667991 -0.6920947737561638 4.036192251493491 -1.9027013040204126
272 272 -9.1232893573413 8.02185271931681 1.3767351803133068 -4.261878020872238
273 273 12.867840825620995 -3.0761535285240296 2.7964236894144667 -4.759881181364799
274 274 -6.9225897884556336 -8.780253332718747 -5.466543182808426 -0.6264150486031376
275 275 -9.109658993025212 9.050966863332109 -0.3710924532199004 -3.996004196447648
276 276 -5.8226865984811935 -5.152989665312158 7.489421419045655 2.5365249882183813
277 277 -7.297474365790605 -7.9144372749190675 -6.683269141192437 -2.479173855735575
278 278 -9.506355422410111 -9.882232601271355 -6.150551391249999 -1.0024023187985003
279 279 11.87369063657791 -0.19918147238124337 5.352575861385764 -2.9109448263463427
280 280 -8.03989229403463 9.428946364690436 0.8482855013114403 -4.794939209084901
281 281 7.566714560822138 3.552317651971355 -5.653796189620325 6.020716957035125
282 282 -3.2076941493070863 -8.049810861685753 -8.436870551141842 -1.6074567508689748
283 283 6.891302608468679 3.0173967372642747 -7.2968755295232945 4.2024237908665105
284 284 10.485500303638569 -3.5681529984872897 1.7663462523154045 -6.008552502225063
285 285 17.01938512057971 -0.6125913406703932 3.4068167755343457 -7.273302451042283
286 286 -3.6074398575316136 -3.2529369598880438 6.5482213161692755 5.937729524284747
287 287 -8.108843910855468 -7.158544583489703 -5.764344758044916 -0.14246871177056508
288 288 14.310276006144848 -0.7997453036996991 2.620697855022868 -5.269577919449528
289 289 7.9809808485057605 6.632381747879705 -6.719721472374197 6.005506756199919
290 290 -9.842555541337262 8.780859503192751 1.7220393602525152 -3.2375381353041868
291 291 13.684733228880656 -2.4820874048681723 2.6020114645431054 -6.3848071840960126
292 292 -11.96465998633561 11.680556719188035 1.521100497447916 -4.8035279246098375
293 293 -8.234574158844984 -10.223871223895596 -5.132586623682217 -0.5263515982348332
294 294 -7.499681134703654 10.638180075772762 0.20776332020505178 -5.112377686745713
295 295 -9.55552258377267 10.312229762427357 -0.2923696922125356 -3.5370774543452623
296 296 -4.402635809415361 -1.1227812990318509 8.41615193201614 4.945734493783065
297 297 -4.642048063511794 -10.332350138265177 -4.815236844024668 -0.9056368692949307
298 298 13.788643271570452 -3.562753153971801 2.660786320138461 -3.870199317364388
299 299 -4.233964876178027 -6.14296674124811 12.6924873533655 4.136603738246979
300 300 -4.9645025807852585 -3.729862615088815 8.812861082908793 4.567172250861933
301 301 -7.144009289796294 7.34948805990469 1.2757536402217775 -2.655243125751465
302 302 -5.822186456411509 9.518246233146316 0.0353416004507629 -1.974062775415917
303 303 -6.239693970381529 -9.155583073599788 -5.824754421897155 -0.6175235488993118
304 304 -10.044456746575518 10.225694572006486 1.3706283421720844 -4.503118404714666
305 305 -9.598022289919323 7.8917761149358245 2.468153017209045 -4.11471478742499
306 306 -6.423315099039687 -1.9725821708336335 8.912833393388194 5.681008424030915
307 307 15.857176427576697 -0.6034053372356539 2.905005404942699 -5.187384406422687
308 308 -6.2197218257923215 -7.941768106507178 -5.140744576469251 -0.40242096408707073
309 309 -5.710312460406875 -7.837837623089 -7.304058687459392 -2.320329656436185
310 310 14.678302698835642 -2.0111262878220235 3.931853203681826 -7.094082614445228
311 311 -10.040571825812265 12.637241561614598 -0.8517726800389636 -2.0713916653839233
312 312 -6.416818262150941 -11.318554995299923 -5.552842333951988 -1.3167599922397477
313 313 10.923753992910218 0.8287775889285698 2.393988628956212 -0.805001019500833
314 314 -8.113814051826568 9.903208590072044 0.442518228383045 -6.613220232637817
315 315 -10.76703585126537 9.45574029789743 -0.23678229917975707 -4.5097318496316365
316 316 -7.149308529012218 -10.801735768177 -4.5219348982155925 -0.46685923680337965
317 317 15.726804002716277 -2.996410342825536 0.9900986523941778 -5.177490143298471
318 318 6.09997134466334 7.384460031159569 -5.841141791653666 5.758331863180985
319 319 -11.884174236653212 9.097659414984422 1.9151263608290583 -4.411408250218205
320 320 -2.7913193033992028 -2.6884855951880415 10.634704977159206 4.98094387406763
321 321 -5.60230417803702 -3.8602038297859878 7.833532794238182 6.1334766280092365
322 322 -7.511539915580534 -10.040442809330692 -4.456884724497004 -0.22582001205493996
323 323 -10.261891852436703 9.85588114271719 1.2663514685491872 -4.101379154765438
324 324 -4.3087431055522485 -7.798057517389668 -4.6329204181641535 -0.9439096375649201
325 325 7.785614646800469 6.168759103827001 -6.675837027258021 7.359523558532183
326 326 8.817520380063504 4.878816258188795 -4.477762512499891 3.8643359556078725
327 327 5.374842849401783 3.8100436230693284 -6.975140048036632 4.830107939479493
328 328 -1.6231679087363549 -0.9928204821427197 7.408749352491922 6.041676489873606
329 329 -7.288719897139541 -6.001980050055698 6.175028673634474 4.323568850804636
330 330 -8.586953424195837 -10.063641924827419 -4.543184536633461 -0.4856498957523647
331 331 -5.197216810440111 -2.118041179653389 7.916303836373348 6.367075531523711
332 332 -6.17612998470217 -4.457904402787677 10.397658723804115 3.1047647872825097
333 333 -8.112088416914347 -4.957440888990704 -6.058254381819553 -1.8520655089434483
334 334 -5.886923413552023 -2.3247747407440897 11.170920524313702 5.867205104918122
335 335 10.422063422535924 6.068263308767151 -5.05385551213601 5.540496567693053
336 336 -10.97104824873399 13.720110349186688 1.511892007020089 -4.677644621573372
337 337 -6.689654870909835 -9.084448170940023 -6.605459853041459 -1.3200647201653082
338 338 -9.09885098759134 10.865152210315197 0.75532379861395 -3.2321536125122696
339 339 -8.892421458888055 9.20858679966592 1.2194688206854747 -2.530684148646624
340 340 -3.296612510914894 -2.2154718909701785 6.856530807619617 5.541356974049297
341 341 -6.303781498784516 -4.452306543341248 8.68152703834185 6.032353456362094
342 342 -4.89175511069939 -0.45191036059461914 7.469856111244349 5.291200985032301
343 343 -5.5703450776939345 -10.192517766750855 -6.396903889748646 0.13794899924100956
344 344 5.291651371845462 7.734639954271491 -4.808920784125537 7.083025545111036
345 345 -8.79471463638174 9.681705615479267 2.9791568481132704 -3.3076835396606015
346 346 3.335812217432015 5.09405243564444 -3.7353231708488748 3.136742204149368
347 347 16.358093921590402 -0.43788292041915583 2.0327121759518323 -4.713469559866975
348 348 15.809998965797469 -3.0030424667549767 2.184609506753267 -5.543437415620913
349 349 8.86654849126303 8.29919770971375 -4.030710007485803 5.175541491741194
350 350 9.290323348538681 6.980348889175198 -5.781271231830222 8.30353896391379
351 351 -3.7688072748505324 -8.512906718011694 -6.577778618137567 -1.2238225609735243
352 352 -5.690472161082458 -2.2524061170776193 9.2568361568355 6.126245203487873
353 353 -10.31736675850882 10.372533297761711 1.11734748692375 -2.903927877217192
354 354 8.260745539452477 7.00961174805077 -6.325830618043657 5.758803809198386
355 355 -3.088348026160696 -9.13263675295728 -5.8774038641210415 -2.1097003926923334
356 356 -3.4509619065812176 -10.06907637731139 -6.331175840120555 -4.425866932857712
357 357 -5.7527056915571 -9.23128932752039 -3.980698609102317 -1.1148482939151156
358 358 -5.146389819749887 -4.2206347114631395 9.489026482781197 2.8584333329942386
359 359 12.817131128815797 -1.2038891196472379 1.2688614305798878 -3.3030212833770727
360 360 -4.413839447390906 -8.54725093428863 -5.546245895426226 -1.0105463412667293
361 361 3.4883633289551024 4.166295242435418 -2.844368369530328 4.991788932150524
362 362 8.315178388907185 7.725109016824845 -6.742707632401429 5.044765269353113
363 363 -6.487672602292298 -11.512460135887476 -6.655941759928262 -0.6429133152669074
364 364 -6.47059389408636 -4.5639266265223055 8.99724528045295 4.584497854400253
365 365 5.465668274653962 5.894884829702413 -3.8561451630380943 7.076566171467999
366 366 -3.6369745774814404 -7.398327897481096 -8.180492412773093 -0.3007717911798443
367 367 3.805153727592212 6.28336545735038 -5.175715201602871 7.707162400750027
368 368 6.850329155398219 6.611193966615023 -6.117222431006382 6.78258630724561
369 369 7.219856039674089 5.236748782292956 -4.445118360848697 6.2980467787011545
370 370 -6.531966717139046 -10.633368599116208 -6.027850480011306 -2.246770280624428
371 371 -7.640964315431 9.384385038300755 1.4100195697864946 -4.525703429203971
372 372 -2.098360001749264 -7.167169677500626 -7.702642747757623 2.14630794088278
373 373 -9.324275158046877 -9.362785730427293 -4.74059559032111 -1.7344625671927558
374 374 16.280538499310317 -5.15345936918598 3.2397348421675867 -2.756612001691587
375 375 15.166598740444753 0.34726406322712533 0.016444542280499953 -3.452097435964126
376 376 -8.87829786863622 -8.813610365832558 -3.773698785243613 -2.5334334566261667
377 377 -4.914774361174748 -3.4602135826635942 7.601393735046775 5.430024357450227
378 378 -9.896611906746847 11.639309854306005 1.88060803808002 -5.424661460585138
379 379 4.81602015756346 4.567795478122929 -5.330575877116811 4.591824585649153
380 380 14.869236518906163 -3.6373337679969997 4.040920098790776 -5.309387340981217
381 381 -4.556781457555893 -8.130108646596367 -6.097215585562369 -0.17823018141568145
382 382 6.234763092705601 6.239013545559474 -2.2800011444332133 4.385624688685364
383 383 -10.289465295026842 10.57869001648613 -0.40316254818486 -3.8992957055446777
384 384 -5.842192342966388 -10.448897555872657 -6.26371589102754 -2.651147262866282
385 385 10.81785953766943 -1.9333929390922595 2.2847713446334343 -3.939050063494752
386 386 -7.628938864650242 6.30460032817777 2.370718938209815 -3.501010705543899
387 387 3.3494398156219694 8.494712524967422 -3.688846399083248 5.326196514658929
388 388 -4.187809682144278 -4.793037716235 8.68964298983054 6.661376773132949
389 389 -7.744266514218606 -8.873081432858372 -6.7813643903772265 -2.6378266501579497
390 390 14.664606840351286 -2.7720078833934485 2.204761153229162 -4.4430902530468295
391 391 -5.369881344187425 -4.823139093957819 9.54202427476205 6.870935665649171
392 392 -6.668235170616199 -9.468922088595516 -2.9262092309265055 -2.0044700068370265
393 393 -5.815036480869222 -9.907220259150803 -4.3950745312766095 -0.8675603675922781
394 394 8.176963605121642 3.802924783447536 -6.070714093747372 3.410862858859581
395 395 8.804091619930075 5.978810935104433 -5.479746682291822 8.175010739857543
396 396 12.487554152870379 -2.2223277874145624 2.2777480045977034 -5.1209300583821955
397 397 -1.5122038435830885 -9.624173341561567 -2.3616110232280185 -3.507723592009148
398 398 14.727811433349167 -1.8809247939365035 2.1995335440266643 -4.1458177924418225
399 399 -7.398597377126552 -3.1795237288215703 7.690166838306119 1.4363078184254554
400 400 -5.414675676088879 -6.045557775618533 7.579110891664614 2.615388141831758
401 401 -5.081865182028273 -10.077491981453802 -2.4888913849937118 -2.8469089107676995
402 402 8.2214475290136 6.841991604785055 -6.009268608506481 5.313199403073399
403 403 4.945536550867526 6.333100269692486 -4.298282995464469 7.718517437666338
404 404 -7.029056756197792 -2.9500706772588265 9.582416100005833 4.67131219425157
405 405 12.964273165680002 -4.650900002574564 2.59006416818086 -4.946535241698732
406 406 -6.803259399545139 -10.970273491954924 -5.058747593533993 -2.0665256972335935
407 407 -9.905864777566338 -9.142274554279568 -6.602448869257655 -0.23147656316186024
408 408 15.025589918837362 -1.7220467283061849 4.2763909805327165 -5.153377921054915
409 409 -6.556078251570777 6.919191007883384 -0.7742143414190267 -3.6556874069780236
410 410 6.98378740379125 6.643925420930741 -4.7007378321330116 5.28757290758882
411 411 -10.09983631088423 6.857406840928823 0.11181062836861726 -3.9364452512953743
412 412 14.36779509292537 -2.433989401021262 2.934834126238849 -6.514467811194536
413 413 -9.783222055992892 -1.9936106971486405 9.04368213001765 7.454009202164512
414 414 12.3372029847464 -2.4160459775150964 2.213566438622595 -3.8936897246461415
415 415 6.013797859288343 4.973473072365459 -5.647042710082086 4.139449409242254
416 416 -0.9813456276578534 -1.897384846264124 8.131253648431409 7.728285351139954
417 417 2.8657606463705876 5.49318645221136 -5.293325485784869 4.809061628312324
418 418 7.162516999999999 6.944322377901132 -4.4513573666414 5.415692970989881
419 419 6.417562873919701 5.631878314123447 -4.719632796358124 7.241439612775274
420 420 12.516765508088207 -2.2787893634392886 2.984429588027528 -5.256939045394131
421 421 11.07655175761259 -2.3056680397815374 2.284243114161465 -1.7445247394640433
422 422 -4.3673775388361085 -4.186681584633505 11.262127434521492 5.784003906702062
423 423 12.012806674080172 -5.3875281814498095 3.106285523903932 -3.5864009962163803
424 424 5.431471183869093 6.715998224055344 -3.5606479676041496 5.223908354769621
425 425 5.629218255235347 4.105681921399064 -6.18724747956884 5.594866889495011
426 426 -8.72942550623604 8.768948292360317 0.7718624631144853 -3.8935394860296584
427 427 16.904793625537852 0.35133960233848055 2.742312852281621 -6.660655236458691
428 428 -6.952900455562053 -6.069976182249718 -5.631911213236706 0.2758455896577943
429 429 5.526354174990611 8.021369914911304 -3.8667909790944113 5.801419835024397
430 430 -8.703769865458021 10.59990913893206 1.753790825066572 -2.147021373622659
431 431 6.130791565141805 5.098038528264391 -5.6065986952975955 5.72351017473891
432 432 -2.6112528169609517 -4.615694521512134 7.152808912301939 2.908002245087014
433 433 18.86491825639197 -2.953098346628304 2.878049350829848 -6.408237891429888
434 434 -12.122335269635412 9.347441571863556 1.303518812110954 -4.626052181451757
435 435 -4.257407878571731 -2.4010963607624447 7.38276517877863 6.334458056579655
436 436 13.172750096816902 -2.3884349364315507 5.125044124637776 -3.330710423155792
437 437 -5.599771394683922 -5.278118864182226 8.582579037624523 7.935572329257126
438 438 -4.893356647051942 -2.9431291093033867 5.3847957227716705 3.9344469002455313
439 439 -6.51355182416446 -10.397696565644372 -7.269846976109599 -0.9241017203532697
440 440 -2.046987638117729 -3.9945153699175115 8.88993691848587 4.62877305797372
441 441 -9.011689222583339 9.715075418062089 -0.12053237565564878 -5.395060977539797
442 442 -2.402738480414387 -4.516499968567605 7.681247599754747 3.9991116254792427
443 443 5.857112443235592 7.783788051246647 -4.346958602315336 6.212528861293832
444 444 -6.5378132480016 -9.126882831380577 -5.68962835171992 1.4055783669403825
445 445 -6.161284695430758 -2.9804351356482863 9.390358818638394 3.5747334302053146
446 446 -7.047866045841264 -8.564489711337428 -5.687239915253003 -0.785170740308551
447 447 5.900722387747226 6.639354170734855 -4.966926838776054 7.958417548668141
448 448 6.828715996161856 7.1276903164908 -6.595569625271098 7.731583659371209
449 449 -12.445690131346407 7.550818991243639 0.15277842170699119 -5.464764981356617
450 450 -8.12241240640859 11.507129164782611 0.7508612089443377 -5.729085736703838
451 451 5.047192861191643 7.500070882254673 -5.2994258325805905 5.703340291485607
452 452 -6.113083640114995 -10.301433640301953 -4.760633212136898 0.3700611547525684
453 453 -6.637705371484382 -1.776023116135356 9.136910440671754 8.860541958857093
454 454 -5.065481215062149 -9.460094106113699 -7.203226313176674 -1.97047154992362
455 455 8.316674341272742 4.154398397494752 -5.457884797343682 7.326934192541691
456 456 -1.744002829168356 -3.026927044940643 8.482895134164762 4.437565263438268
457 457 13.84918599883979 -3.8718150616532756 3.5597313909825052 -3.914421319185103
458 458 -6.807670981089574 -5.789347906440054 -5.260856327775522 -1.745150194851516
459 459 -9.93314801089425 8.589094687390723 0.6774940410236693 -3.153118080894358
460 460 13.72108056972931 -4.494962806968142 3.3901949003610334 -2.874741448694458
461 461 -7.927265491920167 -7.666054857743573 -3.136038060089658 -0.8131847240575512
462 462 -7.574652885549616 7.6325429409205094 -1.6442459270605372 -3.7536871445926776
463 463 3.7332132680406565 6.09096099039449 -7.227371416826122 5.683860601087713
464 464 -4.2592049080505685 -5.224115532487862 7.771398807288077 6.345542577805421
465 465 -9.949648168497001 9.10697222047394 1.7041653985438838 -7.278234522782082
466 466 13.418504264807874 -2.2594592857525564 1.2762518146117858 -5.278958666647418
467 467 -3.673065346530765 -10.314529285777716 -6.146854132144416 -4.69756909689364
468 468 12.412613650969455 -0.3642488975067294 4.272637092848717 -1.9117634531990577
469 469 -8.95405422844839 -10.449655725353656 -6.151694040059945 -0.6024199541007483
470 470 -1.6318956798388125 -7.836998140856914 -7.1105884783132325 -3.375766666277371
471 471 -6.5410458126594095 -3.769421936401187 7.619038122751841 8.145127199320845
472 472 -11.16815450406054 -4.997408041767863 9.934954650832113 2.9663562289929035
473 473 -2.907051569314103 -3.6866050875093714 10.24124899039341 5.118298124725517
474 474 -5.78754619508377 -7.521233949951765 -7.677560076820839 1.93731142841739
475 475 -7.024748556349927 -7.0076410498659 -6.163943243536295 -1.8870684942594478
476 476 -5.484698558725561 -5.730465920767969 5.110372544464597 4.888936444340152
477 477 3.6830245851212275 4.387067263396918 -6.624999555947584 4.993319861875722
478 478 -7.31928294944286 -9.80214965990414 -5.760629366349996 -1.1515679159506869
479 479 6.285258154672259 6.5135702233893635 -5.6545374745821 7.196867154489202
480 480 -9.563116184284135 9.698231070472685 2.6270814875916053 -4.293395605902632
481 481 12.224092611180556 -2.26440344154481 4.458894048031393 -3.509726903195094
482 482 -11.870983874190747 9.894447565931904 1.1022435363939405 -7.097257359307025
483 483 -3.1908588202716417 -8.589504156480974 -5.818810409633643 -1.2826663003527128
484 484 -11.518553272827518 11.270186705494478 1.5254252811947313 -2.834493575148861
485 485 -4.258746282571167 -10.860663572359135 -5.502726818811222 -0.4931900924865801
486 486 14.889936769583123 -1.9095581245786515 2.70749574881243 -2.9649714933890503
487 487 -5.069308253855729 -3.226455239643889 8.074379573061803 4.490715025044955
488 488 -3.169760664231095 -8.477186860442778 -5.609254180632138 -4.723774431059425
489 489 -5.617440870679805 -9.087754746482046 -6.176234697339344 -2.3477124778956413
490 490 -8.995126139147148 -7.845541353849759 -6.80176374231704 -1.0003373858211695
491 491 -7.148923149679914 -10.692644148651965 -5.542220087654859 -0.039201737918143756
492 492 13.305018551423048 -2.348731987259491 1.4701276283573677 -3.8159870901189104
493 493 16.196485958584265 -3.9382541636154222 1.5996838373463327 -6.322440780229694
494 494 -9.491642147250214 7.597113177717966 0.09485778990380739 -5.9159400648215925
495 495 14.152903468192944 -2.3321990288346948 3.8695044600194994 -3.804025085840084
496 496 -5.786104908771558 -11.845322394440212 -6.676894984757688 -1.825164257304764
497 497 3.352031697976403 6.392333424084759 -4.976931887421801 4.225829598821311
498 498 12.660447539964029 -0.5282616830327952 2.5378540358485786 -5.6609319934372575
499 499 -5.127448879059362 -9.623624338572762 -5.945869657269952 -1.261037786514371
500 500 3.238216422080327 6.868926131624827 -3.884024442362096 4.235021258896727
501 501 -10.443393590488085 8.545715362260589 0.5475304610210274 -1.7265275269477725
502 502 -6.482262478802175 8.54253967626448 -0.18106789402344198 -4.7955233731624425
503 503 12.118543465225928 -1.0892770783181305 0.8175497708973386 -4.54530857793746
504 504 -5.523573536766847 -4.812823620573388 4.7084758699482645 3.926780349888825
505 505 -6.966676726258312 12.37020249964207 1.6243802704966335 -4.91982856833195
506 506 -8.598712328427217 -10.783888242906697 -4.294088357946031 -1.9154145175511972
507 507 -4.142069226327158 -4.4263119409592155 9.031738141521272 4.509713554012834
508 508 -10.920435554383056 10.708291052153015 -2.168142213012227 -4.105196520530932
509 509 9.56904312504909 -1.6324026591090322 0.8578030018712098 -4.035024006275804
510 510 6.854020521376239 6.00532995460408 -5.935101014048152 7.67471273563658
511 511 -5.343686753276397 -7.369716723951317 -7.582313866698475 -0.8724072037094076
512 512 4.952606323089353 7.537137616693642 -3.7315897393323016 6.0628267296356055
513 513 6.126855072172708 3.4511953444284433 -6.243177160306425 2.973714164388113
514 514 -7.117853816733967 10.231205813430236 -0.5591045741521284 -3.7929851926603377
515 515 12.605380838027443 -1.9343538766705841 2.4647155068904136 -1.0875672531163771
516 516 -11.533914875372332 6.424163330350235 1.2918682371516919 -6.666895379311877
517 517 -5.639639468114734 -5.607647293253878 8.753633399126466 5.132501346821329
518 518 7.748390407569377 7.359443828959711 -6.098810942848955 6.177353021797634
519 519 2.683547903040281 4.904374713879206 -4.908235512008352 4.892908348532384
520 520 9.559701033742988 6.292544298324773 -5.716000760441514 6.607027438866392
521 521 -7.473400905779536 -13.205066347922223 -4.63161763326423 -1.4363562283762168
522 522 -8.831148228778277 9.418009717848541 -0.3855636515729624 -3.735657255473428
523 523 -7.827201495855436 -11.114866371968763 -5.004498604805726 -1.9018723410996725
524 524 -8.516840424965329 -3.564768677944055 9.432953913887966 2.5863066005044866
525 525 3.125770530538855 6.747993327234184 -3.787198034840679 6.867094996415125
526 526 -3.502873755674581 -5.287759704727533 6.053096153187515 3.0253636101352255
527 527 -5.18501891469698 -7.669269084077428 -6.807664714539353 -4.035357745828497
528 528 -5.591669110718037 -4.367626761637856 11.106342927021538 6.953535206285154
529 529 -4.268581353856358 -9.931094486961069 -3.921408890993477 -2.3896995031910615
530 530 11.528486834909687 -2.0021800463745785 3.286515201588932 -4.4832978012892415
531 531 13.1610073277296 -2.04603199145754 0.46531919139678213 -5.755413115306779
532 532 -6.40120194790498 -6.522730005683111 -6.533719616891631 -4.43988599774668
533 533 -6.374584901601079 -9.46853503148458 -6.858452654254853 -0.7399287283135664
534 534 4.720020623587318 5.82241221140506 -5.0743196169212625 8.03056068135098
535 535 10.432758738398043 -0.2499904567827988 3.943118800961339 -3.0269136828221823
536 536 -5.429036393465822 -2.880948410629865 11.730206459888144 2.8085057210236744
537 537 -9.81213147629685 11.027745364710189 -0.5972837100391032 -4.4149620366540105
538 538 -4.255369044158287 -4.103974238157419 9.907524328013396 5.281402391115041
539 539 2.703984550686417 7.032506203568261 -5.82032210160323 8.178241165489037
540 540 -10.923395751419656 10.15330796121949 0.46764243155494556 -3.2258879497617032
541 541 -5.834120963398836 -7.682948645454018 -5.3511902305786405 -0.7291378716461426
542 542 9.047035989881937 7.07458540718522 -4.5448549931574975 6.835417846633531
543 543 -8.151183147095567 -11.590231777746535 -3.271547962485841 -0.06780522508172646
544 544 12.701712257799313 -0.7091451727781499 0.22601352053441856 -3.6061972689569606
545 545 -5.721463769998957 -5.476997260003783 7.588393377705995 5.834068648975052
546 546 -5.159966475079734 -9.04543024023225 -5.037143921177976 -2.131805257870826
547 547 5.198456354593512 5.7753113474021776 -4.393805428752352 2.5100231743924755
548 548 -4.982374437893509 -8.158395929640735 -5.917988434073644 -0.5754384728459533
549 549 -11.769324092518996 10.306514150067477 0.6862914734771628 -5.058975192081483
550 550 13.606411966947842 -3.6705602680897447 3.777697129636611 -3.1530833391073747
551 551 7.099167067706245 6.60792048911824 -5.87969960466211 6.156604158488346
552 552 5.077405718438185 5.451434428422167 -6.007951622512507 4.92425447494851
553 553 -9.593843505265667 8.855829766791148 -0.6166239394765675 -0.8333679354665575
554 554 6.317293927100513 6.28309943746768 -5.838534611192873 6.236849298649213
555 555 -3.3314908474167146 -5.9110346542619014 7.692597462743561 4.221567731802828
556 556 -8.572860832947947 -10.452604357981716 -4.800503286464228 -1.4248975299029878
557 557 -4.395218910162529 -8.18262418836225 -7.734244048604258 -1.5020204675213875
558 558 -7.506158774122921 5.327949651933584 1.2937128770771793 -3.2960770172529186
559 559 15.376226763358016 -1.1484883392964909 1.9641547156539507 -2.0282600224401035
560 560 12.145913413208898 -0.004187502404580856 2.8635020314856083 -1.7751280149940882
561 561 6.043463492401523 3.239520812048861 -4.840757649133449 6.752456121708547
562 562 6.92034302342071 8.350685310792086 -6.199999160230343 6.094650643863658
563 563 -1.2588225082073667 -5.23850560316652 9.37464759939335 6.660270318740329
564 564 5.9021779717790155 5.215359357855617 -4.770128846646079 5.039001673281546
565 565 13.803024334123076 -0.12266612322076573 -0.6468705813098384 -2.0972108377319776
566 566 -5.70943352178863 -9.82130467831843 -5.991678761369513 -1.1486361573859176
567 567 13.76768923447423 -3.186885178662549 3.2004151417078694 -3.9050931012610746
568 568 -4.127815170266331 -3.1722565577177724 6.876099793973122 3.5259172829729204
569 569 13.682055648617915 -2.9050011728839262 2.039656290762565 -4.095633559854198
570 570 -6.474238999844772 -6.618803721565954 -6.211378757730129 -2.9244057090015216
571 571 -5.878366504731241 -10.078522013435965 -5.56517121854068 -2.7358222231125358
572 572 6.316549782672517 8.717637258240453 -7.251352663921574 6.066316095220427
573 573 -7.0575012631288745 -8.953027421161877 -4.530469756374938 -0.07980812697168713
574 574 9.808221215824327 -4.106216670606841 3.911041641292008 -0.12453654160759287
575 575 13.309211739076014 -0.6287208615823681 4.665165373853707 -1.9675635719212594
576 576 14.315429010915068 -0.9021358666651669 2.866241583408592 -3.4826533124539045
577 577 -5.012606355704848 -9.396146391387825 -4.3829633976691555 -0.9157742958353791
578 578 -8.17231006583168 -9.571673461756099 -6.091152641191161 -2.571918484416762
579 579 4.634272065940655 9.16465940494688 -5.578447740333413 5.690064993310224
580 580 4.369570931911076 5.3508861276419175 -4.577084004516934 6.77151045282304
581 581 -6.891564542348821 9.249844885103174 3.0197495777604644 -4.861451419150903
582 582 -3.994743113952826 -5.377761429068955 8.248340683600945 4.889054737155651
583 583 14.965456411918835 -0.7924773221543872 6.701715641058848 -4.907548077053586
584 584 -10.046557466885972 11.390065796728479 -0.25250622573077103 -3.3739630550775463
585 585 12.951680479402405 -0.5656417355218653 4.276725465866866 -6.041832746459839
586 586 -8.69140863976983 7.601958524634855 0.734243494566755 -7.200865220004255
587 587 -11.10925010675145 9.300469941792569 3.014617685109633 -3.029090551845832
588 588 2.964004292169856 6.6206208127070125 -3.8393745810400577 5.574910240723195
589 589 -4.781076780199018 -10.653465870500701 -3.8499808620335823 -2.2950817644672736
590 590 -5.4236426131591235 -9.098821450292172 -4.770640334164044 -0.11198204984384381
591 591 -5.915024866987165 -9.917233240355175 -7.058637748472287 -1.9441927061186273
592 592 -4.673453768052096 -5.2231601039494535 8.990964279721505 4.329420950812402
593 593 -9.325597070429867 9.337667385252848 3.112550642500807 -5.102365917256678
594 594 -10.542435863273397 9.543179849517543 2.1980980779652803 -2.8781247265374574
595 595 6.133907543831709 7.640349360217496 -6.554791523329776 6.102832749874639
596 596 -7.061274749908424 -10.117179621658483 -6.084794810105969 -0.1824068364696265
597 597 -8.825084895708084 -10.32556141263184 -3.3150573203350637 0.9758766602302988
598 598 4.961446609627477 6.041276373043507 -4.590250770172048 6.063657759624561
599 599 14.494226684493263 -3.469644085135253 4.7133953220184495 -3.3627537047703138
600 600 -4.048000468872403 -4.109593483433781 7.457064371852543 5.516874662918231
601 601 -8.879350396815802 11.186502037621748 0.36619988176372015 -4.422302681237074
602 602 7.443660907628265 5.836470049027803 -2.6247130022155125 6.035701817541265
603 603 -2.5186214113479894 -8.190877598067406 -4.551670483743875 0.7419053579767727
604 604 -7.051854959706401 -9.635036479441363 -4.072290227168018 -1.530939359220091
605 605 -9.412760068572176 8.584964016191284 -0.08059876354134135 -1.8917659095544899
606 606 4.4735544131805565 5.117239404500943 -5.4780366981167745 5.7885255640338675
607 607 -6.851525629536209 -7.506144055216459 -8.739866910152804 -1.9193187578648017
608 608 13.655300286997274 -3.888312856998818 4.262110078343617 -5.023063388480399
609 609 -5.801899038755025 -6.097232526003026 -7.311444473450152 -3.0959719954099945
610 610 -2.2707587544195564 -8.621894295293036 -6.953342108895823 -1.5563382933388616
611 611 12.224296824929423 -2.4167773944787734 4.987610311812595 -5.613797082238113
612 612 -12.048218504712644 11.423782970957966 2.469945856780579 -4.66733709396266
613 613 -4.199504965379605 -6.007533761071375 6.496271682730274 4.763699563200301
614 614 15.800754090820277 -0.8453824847508679 4.045496393669626 -4.938907722834678
615 615 6.050925938027811 7.972037507215382 -5.136173365253037 6.359453468684749
616 616 -7.1680013920886445 7.5183218156491 1.4249163408937178 -4.245323388518415
617 617 14.143239979065143 -0.24886373720157431 2.897038004911052 -4.059430773300917
618 618 13.696897640265735 -1.201721662048687 4.1537267206688195 -4.952601215091031
619 619 -11.30832188736838 9.822135430330011 0.21289419756839145 -4.657580854522724
620 620 -4.627850572943296 -8.549168827186138 -6.8284375125954195 -1.432903084860921
621 621 -4.473609002252801 -2.7068675498047576 9.456090952049136 6.858986671765721
622 622 2.7978567084289203 6.946509662561308 -3.602405801095091 4.273394387810786
623 623 4.864155971004996 3.9683045185240053 -5.094779708388847 6.192200996864635
624 624 -8.996315155100502 -10.373551760418145 -6.269434937896615 -0.12788494874990136
625 625 -10.586218157979701 9.948532543935006 0.7499046536029043 -3.8710984356088747
626 626 -5.301142868259302 -4.160352550237857 10.764994074799542 7.883044223947896
627 627 -7.106123487019318 -4.3028345189824595 8.996760581234044 6.508809581673538
628 628 9.27714806592909 6.084475456924153 -6.224373681396522 5.198329343547741
629 629 12.785870908260582 0.4935434482520935 0.42316475433851375 -3.141587170167736
630 630 -6.0695370951977665 -5.039081858477202 7.200867605670614 7.861747149490955
631 631 3.2474955916021444 5.863621151379111 -4.449383390683982 5.119164384928473
632 632 -6.223250328691276 -9.609997136203603 -4.725375146081174 -1.012063898604871
633 633 12.18538919526768 -3.989919950727915 3.208835024667009 -2.768849911750983
634 634 12.861423074237734 -3.929537829102754 3.9053154864582584 -3.5981728660855445
635 635 8.755112997372505 5.44116921441379 -4.843542570887632 5.010164630917431
636 636 -5.558980536637104 -6.284819515491794 -4.5294539924205255 -3.4091848237793334
637 637 -8.647264362774548 11.123566165098309 -0.5403860773427962 -2.9285628789939913
638 638 4.024447954701386 7.460405887465402 -4.85422150927871 4.595833678983015
639 639 -10.547321893310944 9.47692172290631 2.1721638215378447 -6.1711738109139676
640 640 14.599408480986277 0.6771122577981666 3.334184948541035 -4.3885078757076466
641 641 -3.9276720757343515 -3.7966169989501393 7.502743534766484 4.596164470001095
642 642 13.546700451306277 0.24764985081993535 1.0619009825026071 -3.6224024249795757
643 643 -10.129584825034591 8.43878685227359 -0.5499080070187111 -3.533723003518742
644 644 -4.072958613794145 -9.205879405386636 -5.14884508282419 -2.1921242897798763
645 645 9.239884392869513 7.073202488221413 -5.913832351814807 4.708321567561597
646 646 10.62030532859355 -3.3343357605454496 2.985585407719898 -4.663064895899338
647 647 4.863100560879045 8.77462781663381 -4.864452626387263 4.3747796902752265
648 648 13.12643695591472 -1.6444316731171633 3.626341807023484 -6.631777112372284
649 649 -8.006316138851115 8.285002380641808 1.7274103577269986 -5.051830131354763
650 650 9.97189675508206 6.825441953670734 -4.1244246702469525 5.492632687356699
651 651 11.8396154917076 -1.0132742845332867 4.527565294641399 -2.303991407761931
652 652 12.754961055984559 0.10155396641862861 3.5284718217703426 -4.112383643886327
653 653 -5.674675922896528 -3.5558643627807633 10.028486743429811 2.4431482008635563
654 654 -2.5631789852907785 -10.252170995622242 -6.70966844723173 -4.006936520855956
655 655 -5.5800483902775 -10.489173779486487 -4.668506344383659 -2.414072579755403
656 656 9.835393651574146 7.144296731968062 -5.312345498642057 8.027822956942778
657 657 -6.553121659088767 -8.731952444313611 -8.470762494790206 -0.1430555014085004
658 658 -8.702245903383265 10.710448734890461 -0.19767915111991172 -2.5623218679878192
659 659 -5.80331066735931 -8.814202249419328 -3.552493679347472 -1.8424093904096825
660 660 -8.201435929076428 10.115878566132954 -2.005446481996459 -1.4495057064021006
661 661 -8.864850794916965 10.282521249491934 -0.14757529902750194 -1.629409625464632
662 662 16.218042767156565 -0.725430498764865 1.6061135030103366 -3.211507917661832
663 663 9.36391072529129 4.83496218271417 -4.843825401821542 4.511075190292109
664 664 -7.607924793894984 -9.555614677367611 -6.463145008003876 -2.3289944282576585
665 665 -5.144124366391865 -10.052675964994686 -6.256910868454462 -1.0281379654806715
666 666 -2.5939046044450746 -6.815351908665666 11.502639548170476 4.420030706891865
667 667 -6.803130274606562 -9.233236758820663 -6.621348586941952 -2.123579961736516
668 668 -8.439736890489812 10.647242860546772 0.89187592893027 -2.8281807610929475
669 669 -3.968556661490844 -10.04178526812297 -6.2528074690217 -1.5713522344632564
670 670 -9.252102612247104 11.454135436835 -0.20526044277839856 -3.4844880515943357
671 671 12.773306409926853 -1.8285455067921557 3.3320292949021293 -4.07291821203771
672 672 9.297680730021355 -2.694896685049084 3.134006170064349 -2.9015600649974274
673 673 16.23456954926244 -1.305108281014152 2.914466412773279 -3.300661608773742
674 674 -9.319463242290663 8.781927161065614 -0.2808779838509573 -0.7351778686786534
675 675 -6.379238336467986 -2.803097404990892 8.48814347140021 3.3149192945024453
676 676 7.098880338622677 8.202043576313356 -6.027978384656518 6.5002678981199
677 677 8.105360104995132 6.01847355078459 -5.901080308508078 5.214326790281305
678 678 -8.854994866102135 8.319938615473633 0.1962398410077636 -3.642952278426926
679 679 -3.2205963196084646 -8.95077952826532 -4.399355163732603 -0.46443953871558874
680 680 -4.151166573221703 -3.2091278343339567 6.5500647429122605 5.3592125866219975
681 681 13.690234422795346 -0.7305683770370607 2.1595611505154038 -3.9175029170484335
682 682 17.50060684090523 -1.6446216771406548 3.386869921243925 -5.993333184391261
683 683 15.22698784736105 -1.4424424648266418 3.9843764636584544 -4.200281911303475
684 684 -6.374458685306116 -11.794409454532373 -5.334653368002751 -4.322079777225662
685 685 1.1451845516195434 6.281851011355146 -3.2835811182208547 6.891025204658847
686 686 -8.318406455846647 9.817298989410688 2.438393150554702 -5.8362107892815125
687 687 -8.01449033687613 6.524603423923569 -0.1729850185617327 -4.528840007526161
688 688 -5.582411462458412 -10.916954182024728 -6.747291852679637 -3.3778417343105893
689 689 8.256802930382959 6.927708220761917 -4.54525228043379 3.726765800770207
690 690 11.265837507255547 -1.2233890215866297 1.956990612557579 -2.673955604560618
691 691 16.00766025130251 -2.200377690205322 2.969029122218428 -2.8054531589344736
692 692 14.17057158189017 -1.797204488069907 2.3260152925249296 -4.84115644008503
693 693 8.043369877895628 6.816839722503585 -4.929917153625285 3.762554668265377
694 694 -4.490109933587254 -9.938669075929477 -5.874513661013673 0.986944468230981
695 695 -9.42136883570893 9.691232922353144 0.577844859773978 -2.377295712159004
696 696 -4.347119730877633 -3.755083099884676 6.569923180239584 5.466390395335984
697 697 -5.017824086065383 -3.9180538536081304 8.541961006069629 6.186226087603688
698 698 -6.2162630269876065 6.248949046446798 0.4915881837112555 -5.218649349889046
699 699 -7.510358161943929 -11.053640687158683 -5.778544984765829 -2.1902102864001716
700 700 -2.291356292041829 -8.175658799362242 -5.8274125002177675 -2.611076701080017
701 701 6.895672531329826 4.338158330815543 -5.604590424585947 3.557962443013709
702 702 -10.922907005970881 10.172465521944234 2.8575628962798727 -1.8614576579092457
703 703 -6.606848675397838 -8.326215864312719 -5.092471033348587 -2.000896366714068
704 704 -7.502280212366748 -11.691138384354339 -3.6869088798937124 -0.5257856557282273
705 705 -7.12031980962303 -4.301991619640165 6.347094265147759 7.474638967481442
706 706 -11.335375147970435 9.690167932145467 0.002977537433070565 -3.7782132144339866
707 707 13.717330078379948 -2.1634721143643545 1.96656688359655 -3.277957724651519
708 708 -2.3352571095118186 -8.755285939746614 -3.883643387989326 -1.8517406043729019
709 709 11.713019336055023 -1.5270065248733384 2.609745105391646 -7.008581039728901
710 710 -7.77714940114098 10.784455827914389 0.49313569620117 -3.582922437135119
711 711 15.72666128783964 0.5189377836755527 3.438958523032911 -5.527524922374571
712 712 -8.266060671185334 -1.1887857079614237 10.489749598805187 2.7286930635722104
713 713 12.703150428395064 0.17444653406414956 2.8455849867813146 -5.22408655619749
714 714 -6.905927672381997 -9.010383612499878 -5.369450551046001 -3.6340081073949806
715 715 10.806711427524426 -2.318189559924592 3.5554618762093884 -4.837762680245259
716 716 6.402007150351595 4.5966988030651565 -5.547937411247013 4.57400876538815
717 717 -6.207914927284631 -5.083582505906206 9.983669275670545 4.618776616037062
718 718 11.818506648203106 2.419111538382017 2.328528721400293 -1.9636555661513864
719 719 -12.590598179121057 4.946101827574203 3.1822286444724237 -3.8392192946766777
720 720 4.317420134617056 6.346196725204792 -4.795054057914506 6.179390887114525
721 721 6.9684933080922855 3.0953054361137213 -3.83232487816765 6.416145009867044
722 722 14.280947392586661 -1.4392498175428154 1.6113599791783109 -2.5935163881231653
723 723 -7.382247896516928 -5.173843278273142 -9.261590568509137 -1.5385605670899198
724 724 3.7489746137961326 4.641948866160527 -4.3039198196551025 6.47426448001967
725 725 -8.950745565270973 -9.984554439044189 -4.2618029379622016 -0.09582201876272918
726 726 -7.192411143079342 -12.288763979344676 -7.001588220915886 -1.2150332428640898
727 727 6.220782171255336 4.847970759272516 -7.732051522534922 6.901562660601394
728 728 -9.505496772535642 8.976575300249692 -0.3047495803724139 -2.0709857237764586
729 729 11.726123604958877 -3.95939020175392 0.8730384408907019 -3.8277906255857883
730 730 7.444061747493775 5.694595138182663 -5.414729435603738 7.375869855027137
731 731 9.183156210168443 0.4920406814503748 2.9855746864867037 -3.9707086719840694
732 732 -4.37611533848807 -4.802907259507557 8.837143695007715 4.453865644566154
733 733 -5.905631911694504 -5.243957601273433 8.487322843985117 5.553926141591536
734 734 5.113696915228882 4.811953547432192 -6.748358396974483 7.143645933884857
735 735 12.983897963450497 -1.6579024554688992 4.051083507842136 -5.1748833173140545
736 736 11.260634330060638 -1.846822989674209 2.9724185669658634 1.1884620405207018
737 737 8.421500221240779 -1.2124000462198046 1.1061920092484172 -3.786384678770679
738 738 4.465255462916347 5.813716083209674 -6.756592920694956 6.397681835779272
739 739 -2.052712456836026 -2.0569694228436397 4.97980192841272 3.9293289469622126
740 740 -7.622109468223306 -3.588667952349392 6.674292747496114 6.05341086644219
741 741 3.049358850509657 4.521029291405345 -4.618073274983354 5.94480972479964
742 742 -5.967502248044011 -4.387361431821433 8.66672521365531 5.812581444927387
743 743 15.932445873633679 -2.1930897824550053 4.385636963606209 -4.679528713617498
744 744 13.520939219509804 -1.960030965981949 3.107378859937257 -5.0508020674282905
745 745 -5.973504614367856 -9.69330731322674 -5.023618881847085 -1.1455574387291583
746 746 -7.962548770325288 -8.571235746996157 -6.671969181920702 -1.0472535220238492
747 747 14.960372967300794 -0.8429765630125595 1.0349276128355154 -4.690399421136158
748 748 -3.298869416824603 -10.379525289669484 -6.951441413683806 -1.8057421387194865
749 749 12.982098144322517 -0.53035694322226 1.9196662395127693 -3.3205754908500156
750 750 11.436194146907082 -3.8360439535974966 2.8098354568923547 -1.9587891139342464
751 751 -6.005880635639969 -9.377564820248521 -6.8432222152444275 -3.233334040193071
752 752 -5.44344997114495 -7.8460415881825725 -5.505252951710774 -2.3517223074695663
753 753 -11.725345577669335 11.294650981090163 -0.2042810176848025 -1.3986607303723773
754 754 -4.2474367916925395 -9.976051560803986 -5.128183291527228 -3.8904926400088735
755 755 16.555820327746737 -0.4547471580870702 4.828716756392494 -2.764871462288154
756 756 -9.250609409616532 5.231113031777676 -1.0981600086445333 -1.870974843397418
757 757 -11.03777980876248 11.044732664646617 0.919230607336028 -2.5982979848078105
758 758 -5.496363210837606 -7.261256225699531 8.241364253897721 7.468727583035594
759 759 -5.346740827815058 10.5736313643092 -1.1724774349941964 -3.8260931779715914
760 760 -9.847910600267411 10.83997855506221 -0.30862405796011994 -0.4361957815775021
761 761 5.641603925196694 6.028963892432714 -4.293826723612263 6.004285512455711
762 762 -5.775402404800862 -6.1884396108764035 -3.5490727319374686 0.3647966937429774
763 763 6.341321094811467 5.510432837481867 -5.807033022669508 6.051285607874623
764 764 10.690085328199833 -3.1355367676727433 2.036663607556753 -2.9914386572525213
765 765 -4.359261727313134 -7.963443399082752 -3.2348179186095565 0.5575049483914581
766 766 -5.01357972415244 -9.308238221545277 -5.480094304141642 -2.2337659279854525
767 767 12.779926073312364 -1.5484829570339336 6.164945240480098 -5.295636170874386
768 768 -6.1513609262260225 -8.499994367986318 -4.149294359174138 -0.2727158276075318
769 769 5.352172637049981 6.0397360726884575 -4.905565199240919 7.444996472818789
770 770 11.875508435842542 -3.4673458206307086 3.9231942698392435 -5.3971708255549045
771 771 -6.806374324644274 -10.533242334305307 -5.710057152727411 -1.4805557886108096
772 772 -8.212492463645681 -4.749455172365848 11.299343548025936 5.705096431838372
773 773 5.584334930182953 4.997998983496706 -3.990798626421647 8.779492680692272
774 774 -8.114435464177806 10.106140059783515 2.655679687559264 -3.438284044229704
775 775 -5.088169543557515 -9.748285148467073 -6.067287973393394 -1.7809058366091495
776 776 -3.2402409677652932 -2.3906804528122896 6.536973101585676 2.725640131668788
777 777 -9.948205239292331 8.804096412465674 2.039607104749867 -3.92339531754098
778 778 -11.933199506375695 10.182913797795635 1.552784479216473 -5.130326557087266
779 779 -4.139103643917894 -3.112958312095975 7.135890640189865 4.408385074313749
780 780 14.315846432707495 -4.161167026471756 3.848742369404839 -6.161603203031784
781 781 -1.5981025794943038 -4.671788205644314 5.932041163191399 7.362183623341529
782 782 -8.783780738217006 10.396355644746968 0.9727050757395762 -4.788358798193788
783 783 -2.4978956241349337 -8.385074545435721 -5.232614713044677 2.064643205879365
784 784 13.849812446523387 -2.8332628823788695 2.223901346712876 -4.607662544279872
785 785 -7.354578956897414 7.842762941589756 1.435197779775586 -1.6188952301068584
786 786 12.947651134978676 -0.42250338075117155 3.9886892648918884 -2.7099499219026293
787 787 11.001935341921198 -1.996245162685067 4.894845279809371 -2.6126233291500935
788 788 4.446976576711466 6.820427776548105 -4.738156660373635 5.310985688060101
789 789 -5.566372444435757 -4.440677401966338 8.902253751743745 2.5241094240671225
790 790 5.835808061039862 5.4340216272845145 -4.50174675382887 5.501466467470252
791 791 -5.356767435740946 -4.2799384327479295 7.852157369495145 5.443718674370845
792 792 12.608349126970499 -0.21080382449156557 3.674522299786876 -4.216063152991344
793 793 -6.243303067297646 -3.5690795007595084 9.919355805625523 5.85059365873855
794 794 12.894732875951272 -3.576292999092509 1.6732117784237752 -3.0469562282002802
795 795 -9.082501539924026 -8.309122900903617 -6.7759940368698865 -1.573237870723879
796 796 -8.54215243516558 9.136336089441746 -0.1105429086734035 -0.22596589740367576
797 797 7.260831571741433 4.553244108273789 -5.421092207163587 6.002935939128508
798 798 -5.636449296232477 -3.3104360085831432 8.847474524839042 4.157193041270342
799 799 5.76321216037069 5.400988255610872 -2.493712542312512 7.030644240936352
800 800 4.283236217702249 5.593765516337556 -5.0128882883285195 5.419718402826094
801 801 5.194081054687372 7.294733859201114 -6.802750825277182 4.980959386224678
802 802 -9.99472462856251 9.007700608938547 -0.03551030213473514 -4.159056962118626
803 803 13.409498098266411 -1.534165870203537 0.12123487165764744 -3.0441800721225056
804 804 -3.5631042331418605 -1.5178838804084684 10.08788633240209 4.864509793688378
805 805 -5.070368190088177 8.243270133940078 -0.4833221910700947 -3.190280077659071
806 806 -5.673464661448869 -4.280405134610429 10.570904492257005 5.467406135470892
807 807 4.318202106129528 5.622921649314711 -5.487084236803064 6.699529050067186
808 808 16.05171716261064 -0.3358288256027232 2.8956136794370635 -4.987792210557759
809 809 -6.596253744756223 -10.35775047795797 -8.466403050693764 -0.7523487136248664
810 810 5.211513120607459 8.71533211074272 -5.365304526611544 7.500440737367943
811 811 -7.118366333335383 -11.295461077747625 -5.9443416077284 -0.3918081103506687
812 812 -8.801899069583936 12.337609149937435 2.711490576164288 -4.732190797919242
813 813 -7.889010554444183 11.372311633487236 1.9069388193556769 -5.817057935098401
814 814 -6.416873291790264 11.55714702301947 0.5914433217690283 -4.387941657777049
815 815 12.125533209299196 -0.18659582458961751 1.9081641339232267 -2.7237880560228045
816 816 7.467998939270435 6.9764593678753934 -5.7719607911361095 7.767030686473136
817 817 8.443724647718746 4.946467698020843 -2.5576895954572634 7.041881582592168
818 818 -7.10388427890167 -4.106554361091093 9.939830080575355 5.1509364451501884
819 819 -8.273936020183378 -8.847343668432934 -7.212045990593441 -1.9769321736474785
820 820 1.8650891696339018 8.11587717818526 -4.768412310967084 5.446855196936862
821 821 -7.741428374154452 10.454423240840178 1.9826627901161342 -2.098600888068714
822 822 -4.010358295099475 -2.8222272654770064 9.019975781020312 5.161383323383494
823 823 9.57799800087139 4.896843833072152 -5.72944402277359 5.76976349209954
824 824 11.666403424660304 -0.9001150291578202 -0.11214367606061554 -3.9493761878734652
825 825 -2.7511387458139325 -7.691335273147743 -6.681738717032706 -1.896097166299895
826 826 -2.9818121794203547 -9.924003589304245 -3.543685333546732 -0.16214649941463247
827 827 5.14117119662119 5.185434604355107 -6.464173702855845 6.266354200904317
828 828 -4.746679488805945 -9.115190859922317 -4.770246221743144 -2.6388673991132143
829 829 -9.99379468553142 7.574981122785961 -0.36987475233052686 -2.8287291333656794
830 830 4.833020572110477 7.0410055161577265 -6.351550749206355 7.1024087800788225
831 831 13.219879904607469 -1.9905542045720908 3.3730418228662695 -5.156015249824289
832 832 -10.855379091911281 9.952949591670956 0.8403850080295665 -3.0221825592637366
833 833 14.988833537363153 -2.216549773975722 3.133468286572227 -6.63193304214317
834 834 -4.328554432624312 -8.543508365922952 -3.7029036420955705 -2.6826969586775005
835 835 14.475404273943752 -0.6088384724295748 3.397116796824934 -3.444180485275225
836 836 -2.4256649893779305 -2.3382444575902803 7.7815515878646595 2.606744645098736
837 837 -7.749612907740279 -10.434319710587735 -5.848511327100776 0.24535821508475356
838 838 -7.977601151710183 8.45002802131516 -0.22790115906756633 -2.0813802449050027
839 839 -4.640051412945068 -10.969086981603574 -2.501149857483183 -1.4091699922413934
840 840 8.812231151607602 6.789233736895077 -7.09163444408051 7.087493326838089
841 841 -8.295786533983849 11.05605964996966 0.2949771553961732 -3.4445679394142035
842 842 9.185058932391993 4.568543807808166 -6.13119715638018 3.520283930838762
843 843 -6.00993213368364 -8.896624874069836 -6.052170193509739 -2.4206254436711743
844 844 14.564244125810331 -2.5402966155871183 2.3870378930308633 -3.7524406017535106
845 845 -7.794282479037884 -6.949275144925975 -4.558091984013768 -2.2945686068274314
846 846 14.390290262599478 -2.898482234305436 4.508806628889941 -3.5752926338272255
847 847 9.361271710685179 5.2205089496999015 -3.216565229094658 2.2248110610867626
848 848 -5.136762756900855 -0.4364862591641576 10.895259614764292 8.815853102443072
849 849 -7.11730585105999 7.6211610955539975 -1.1945909286158827 -4.587585636761869
850 850 -4.283072133695629 -7.010157467457267 10.26327421558862 6.3196931197040325
851 851 5.589022905963945 7.655546124475759 -4.688252778909009 5.52312927178905
852 852 14.11914792719139 -2.6028255349888223 3.272270208773432 -5.907099716169587
853 853 -2.5462495655052058 -2.462517689525915 9.193697629240361 6.895125433720742
854 854 -7.348845935483633 -9.584886011625482 -4.782433492710087 -3.2782343264398386
855 855 -11.008605789774533 12.467367635375647 0.12845336601853352 -3.0122215177740395
856 856 15.989145935241643 -1.1219648482998015 4.352587621235183 -4.939739758778772
857 857 -4.700324290636872 -10.140061906251539 -4.706061696815722 -2.507891819351455
858 858 6.220869809147257 7.995078173450842 -5.2897189401901485 7.977318438564461
859 859 -4.018084568578624 -8.09976427761293 -4.397155974395438 1.6096181091061803
860 860 -0.4184924022273997 -6.1397889272517405 6.049966907982622 0.6053770181311918
861 861 -8.778662129851739 10.129579774362965 1.8130215654132704 -5.212317374347264
862 862 -10.630467928089997 9.204999448654341 0.6022449267535455 -5.632450133050467
863 863 -4.061440256723902 -3.2203186660117242 7.739912782716468 5.548820288117686
864 864 13.972962083353611 -0.9183859369767514 4.31557562441673 -5.034651207220968
865 865 -4.5630702519650965 -1.4513286710037645 8.244437295996356 4.167593553764902
866 866 5.514122888654223 7.528402707160368 -3.6304620259371836 3.7222149578336454
867 867 -7.458155198671747 10.567532341694891 1.2262860455863 -2.821871363101692
868 868 14.73303227377431 -3.5654522787105254 2.6366220740287383 -4.808933521771428
869 869 -8.714766510949472 8.042951194274101 0.8863915783046606 -4.590612878713935
870 870 -7.565686080919564 -5.10105404426017 10.068512692457265 3.2834276643753424
871 871 15.184422484417551 -3.134703349390931 3.1615420426189553 -4.634614365139251
872 872 -9.269782934542853 8.640549464290283 0.4524052883845781 -3.9390154595950806
873 873 -11.902780359034763 12.466215730280739 4.529426971604138 -4.992439073131795
874 874 -10.438756699349362 10.663048806942053 0.09878035079059724 -4.752902880952148
875 875 -8.423673870843844 11.800943111783425 0.36693172685164216 -1.9439714997790072
876 876 -5.5807395514771 -9.74670004005612 -5.125084982469469 -1.0220497403353352
877 877 -6.179612791652021 9.706747867520086 0.34664883377729416 -4.1073940157341005
878 878 -3.8075150266900115 -10.022021755985849 -6.6739385164393745 0.10610164211834659
879 879 -10.369601476275387 13.348252727579146 0.08556203651003562 -3.6526312985751463
880 880 -3.6437335495300682 -3.3572072291299158 8.070158767933394 4.836292784932624
881 881 -8.729488869858029 8.662643158317085 1.4918973108804618 -4.510730452896017
882 882 -7.004648762963637 9.139892857388887 0.5671325139789829 -5.051401178670962
883 883 14.407407955662537 -2.5712945717756988 1.9205355144300251 -5.728866591273743
884 884 -4.882114214546224 -4.6116870969252 7.8589532184213775 7.35104666054588
885 885 6.9559510687798705 6.120729823721364 -6.235026117208142 5.703556398776557
886 886 6.737960577445313 5.079750322542508 -5.891208014124309 4.909511769993015
887 887 11.495883219514262 -3.073568468812342 2.3585950318868494 -5.0308576133429215
888 888 -7.8999731086981075 -4.58178876436702 10.64073288912652 6.759706875384976
889 889 -6.578500515175183 -4.085236386030377 8.019887069854304 1.06668458881445
890 890 5.511288870863422 7.449156139159482 -5.366012667295308 6.918336056336625
891 891 8.482369439484513 9.142688631933321 -3.7450517845342675 7.770948111269188
892 892 -5.343552144195468 -3.5353198350290205 10.336347175172927 5.133816992343884
893 893 -10.178545510280365 8.749710176735634 0.9541137578630545 -5.117723519134389
894 894 -6.751069876598298 -4.532679781140913 9.251316408521529 6.164834590836807
895 895 -9.644076300186347 -7.846171716839778 -3.8523453922574706 -3.412313047645278
896 896 -3.8394494535023984 -9.993739247151613 -5.42935415421617 0.47713965818601645
897 897 6.4679165232199765 7.0626360254440845 -7.660237510160419 7.701684254471999
898 898 -7.052874207175987 9.500618085767998 1.1857671264599676 -2.2422198330249055
899 899 -9.997295706751492 8.979916842869153 -0.9888526874394032 -3.6086935047044326
900 900 -4.192612388238492 -4.804066162623855 9.995519559379979 5.094441461943515
901 901 -9.05688054500719 -1.814907382401557 11.954269481764515 4.1947784036784
902 902 16.278382912639017 0.7436438877594408 3.9696457338799855 -4.207264478409384
903 903 -6.564367785589448 -7.934087373233215 -7.837729643746784 -1.6303276492584102
904 904 -6.861591187713111 9.724474574069845 -0.9483933089287331 -4.34724185184567
905 905 15.13110054184566 -0.20677318261534178 1.795334303041282 -3.374544266671507
906 906 -9.96718954241831 -8.674374456699168 -5.480236961980633 -2.7093280071240167
907 907 -2.803139201435017 -1.1307613402580248 7.052537237708551 6.551152477027007
908 908 -9.01417860802652 9.699347997486198 0.722087867499007 -5.785709897756343
909 909 -7.047727258644188 -1.5020002764648548 6.110780748354511 3.512513255762164
910 910 -5.726827915135046 -1.57350364760878 9.098655702457865 6.233538592801889
911 911 -3.3681184582623307 -3.662313636899713 6.331230779538678 4.605675609482128
912 912 5.107648474003127 7.84188367977104 -3.3444815419684035 2.9283902650642597
913 913 -11.066958043603126 5.721744890662514 0.07130249799128811 -5.0705281596125245
914 914 -7.871420351831426 -6.955942375782515 -4.667960794523219 -1.596963539055072
915 915 12.687633499699242 -2.2477227177103476 3.9539148555082892 -4.933552145084709
916 916 -8.568133595288066 11.886487326369837 -0.01527744893934487 -4.076499712213058
917 917 -3.7921782784190072 -7.279762764144569 -6.205188177017384 0.5906239820783057
918 918 9.657842598964447 6.665218202427414 -4.34334608870399 5.864986069586937
919 919 14.332329731583888 -3.7482356316772547 1.6464600306151735 -3.6233844643235824
920 920 13.53886420693356 -2.760705569821105 2.10712084740819 -3.2737477007261595
921 921 -10.561927323921408 10.865051015201402 3.330808684245312 -4.613257119785789
922 922 5.955425795032936 6.161288808838569 -4.483431169268107 3.486734002757542
923 923 -10.56642347243463 7.559893876860848 1.5017938715331116 -5.70448513716581
924 924 15.45245712661341 -1.5072278306564355 1.8040952561098424 -4.327212027748542
925 925 -3.9837525073148132 -0.3321553905972957 8.32056580927466 5.107694695126917
926 926 -6.360509448973344 -6.037291428285974 -6.344147267263579 -2.124239363418086
927 927 -9.59523018931176 -7.558330655239052 -6.26353723127072 -2.4371395346079994
928 928 5.6927992844797854 4.256091717214839 -4.135351206761714 6.183593621685886
929 929 15.243190859065017 -0.9411128316113055 2.596345229820283 -4.007447539322131
930 930 -8.683885462360061 -9.12765172483289 -4.324708982696467 -2.6101325420227854
931 931 6.3510597173769865 8.109949986035241 -7.689550683963208 7.613363700348836
932 932 -2.299236467240214 -2.102666184227883 8.92780185575341 4.443522262437302
933 933 -4.80952647239325 -2.836910680963068 8.495316732987968 7.903419876138936
934 934 -8.783385941938716 13.004843670485082 1.6534244092779893 -5.225088008909577
935 935 -5.086946861069724 -10.356027274783184 -2.4362193597629607 -0.6304703875253739
936 936 12.022621704108051 -4.19213019694004 4.95156783250118 -3.412688812697544
937 937 -6.2771171927084 -3.0384703522368928 11.443850555786648 6.097810297735529
938 938 15.271483414616313 1.5440410430495715 3.334796300567234 -4.832043196638432
939 939 -8.973431420298434 9.619192611294192 0.7719761397046342 -5.362570473560392
940 940 -4.941289307712163 -9.919562558967593 -6.347378047128192 -0.6770931582167048
941 941 14.483876740706028 -2.280283997314585 0.4112926579511821 -5.071815644486072
942 942 -3.205264804177705 1.7376931366930997 7.737173702175246 4.084483854552589
943 943 14.284301447780651 -2.2375612356769246 3.093790863492121 -4.2574959552860125
944 944 -8.34454524230154 -6.783569496895856 -5.581676474186657 -1.700936452897462
945 945 -4.433317209893217 -10.119191004890538 -3.839234809016205 -2.5895115417046077
946 946 14.940450524958864 -2.982239858715831 0.5140203585943905 -3.3137858127545288
947 947 -4.774738605229586 -7.766623995619894 -5.9466260181019095 -0.43660300057828016
948 948 -4.746095208109521 -4.246187928970151 9.246222234492654 3.0060065318837346
949 949 -4.871539674363351 -9.127349988288486 -6.653045936251356 -1.952998744533692
950 950 -4.483743908321302 -5.953074541106785 7.808435872868328 3.888995600566748
951 951 -6.53100329094177 8.31006775006855 1.480825183368747 -4.674352564825885
952 952 -7.706976219306579 -9.14004959465348 -3.855984021492708 -0.8682377642461911
953 953 3.3260131993941715 3.844978672932256 -5.1740454102190245 5.645938790863286
954 954 3.9660873147100806 6.414850868446772 -3.706245114304886 3.1758788971410374
955 955 8.06739998904012 5.587002082567179 -6.786675022339312 4.869867393171314
956 956 -10.386927828764701 11.187829093085758 0.06697614200975509 -5.043965082366329
957 957 -5.527252152527562 -7.329091290371368 -5.9146354505375704 -1.872553074341294
958 958 -3.9267402415811468 -9.44520872350515 -5.154031487383257 0.7801845297010258
959 959 11.766242213799153 -0.20387173625972846 4.079627735384456 -4.28975912290635
960 960 -7.854873024177644 -2.844398721865461 10.926225476528769 5.624801903367698
961 961 12.476879223624087 -2.764037239239214 1.2308354526663 -3.7593498427588243
962 962 13.860752179578334 -0.7763465317212067 1.4560911426222765 -1.6828232356484625
963 963 7.662422970791027 4.908702859002489 -3.406558730454117 5.816888013371604
964 964 14.118401955078467 -2.053525729832507 1.5792962946719702 -4.230407568364367
965 965 5.168288580495205 3.3216134701953792 -5.298450474843255 8.219270838028557
966 966 16.137096002770917 1.2718875735297446 2.9260619639126872 -5.689952533655127
967 967 4.290158033105624 4.217807618995667 -4.884578701588487 3.592011840709901
968 968 -4.007004921585409 -8.453990895003034 -5.283046002582429 -0.5724029881491163
969 969 -6.162142597221265 -3.251900378567357 8.171236649233833 8.627788328160756
970 970 7.617275776659247 4.856653917903597 -3.7981558022468107 4.714022426452149
971 971 -6.45987141855546 -7.925987260844558 -5.432688111342579 0.8253248330079641
972 972 15.219687738281626 0.4681789595596771 2.289052121426158 -3.9618923342219503
973 973 -6.23428494283246 -9.070888172175117 -7.126493669959404 -2.6568226564369093
974 974 -4.807787758311995 -8.780746119103952 -6.650255734300384 -2.530689953400876
975 975 -3.390309364005276 -2.8895174581006215 7.298536685407029 4.620611887867302
976 976 4.504045356624812 7.323236564948425 -5.818610339602396 6.618511552219494
977 977 6.549775105993402 5.137589303267577 -4.027375914767704 7.028481005379016
978 978 7.107536497670871 6.607307745596405 -4.153549560626501 6.063182505948493
979 979 -1.2882400908147589 -9.957030718628037 -4.060498270575777 -1.3042194055445264
980 980 7.907145889227609 6.016751777289216 -4.88293394941835 4.1738808894532315
981 981 -9.007495064877029 7.77239967119137 1.4466334800517202 -4.77804783654811
982 982 -4.4809718602107065 -10.351472619571053 -4.713318911968567 -0.817945359906146
983 983 -6.124562530949583 7.984048583334024 2.1483406760599464 -4.419822414641492
984 984 15.607606995597845 -1.9088037446888322 4.263340019970138 -5.60754421370855
985 985 -6.5216417640570175 -9.564262499290853 -5.93416014466783 -2.1064426199880844
986 986 -6.548583639374732 -4.239476163174008 8.403905700003403 6.56135567792932
987 987 -8.082614690618245 10.213371264632041 0.8790194123939724 -3.499252495452794
988 988 12.868344641682375 -1.3776219097520104 3.5853236021697006 -2.5470507862044776
989 989 -5.644460585469238 -5.462438778369493 10.643184721968469 8.329466675875938
990 990 -5.780015888882025 -8.877957274987192 -3.5651071860136803 -3.3541125345497607
991 991 -6.779817234857956 -8.783248200210593 -5.541769674861899 -0.9550970733997526
992 992 -4.385084894942576 -4.981769155884816 7.887056858228275 3.905221122372007
993 993 15.12581402666162 -0.28834062118593334 2.8547155078844795 -4.302103496555139
994 994 3.3047380953712615 4.975434209059487 -5.255620322789728 5.6099260637941954
995 995 4.8079636300367685 7.847981461023074 -4.570026860634972 1.9226718349700058
996 996 14.889547421019525 -2.3035726465236075 1.4394478403568447 -2.317412670168549
997 997 7.25604669429892 7.982586551982623 -5.078571686742838 6.5039905344448785
998 998 -7.407532361559058 -3.2527860708184337 9.5915534315754 3.225947309141139
999 999 -9.138302882425338 7.80972897461153 3.0981725917830527 -7.130554949926812
1000 1000 15.726950594109896 -2.8479796129488792 2.763699875517919 -5.009002410702408
