149 149 5.802313687585734
276 276 2.2382431707374595
329 329 5.009315229386305
371 371 3.4550022360563926
378 378 -0.2698904616281801
387 387 2.09138331714819
418 418 2.411170868289303
448 448 2.5524155032235574
464 464 3.8013910093196692
484 484 4.375055728099164
499 499 4.715750065649616
552 552 0.9761928605157555
591 591 4.505720935281813
615 615 0.30188615788926554
623 623 0.9464832071120328
631 631 0.7851983287241371
634 634 2.1767653751349414
673 673 1.0996756290943956
684 684 3.4576332054224608
685 685 3.053123488992123
691 691 2.8372683401778405
729 729 0.09232009391007234
741 741 2.9092023479593543
815 815 1.4514411271603382
886 886 0.8240936686448277
916 916 2.411323353833231
955 955 2.472090891727275
974 974 4.211866062894785
984 984 1.8874982467832138
988 988 -1.4612404164934973
993 993 -0.1238363363770909
998 998 1.9842373335294596
