FID IID subj_ancestries
1 1 4
2 2 1
3 3 3
4 4 2
5 5 3
6 6 4
7 7 1
8 8 1
9 9 5
10 10 4
11 11 5
12 12 2
13 13 3
14 14 1
15 15 1
16 16 4
17 17 4
18 18 5
19 19 3
20 20 4
21 21 5
22 22 2
23 23 4
24 24 2
25 25 4
26 26 1
27 27 1
28 28 5
29 29 5
30 30 5
31 31 1
32 32 3
33 33 4
34 34 2
35 35 4
36 36 5
37 37 2
38 38 1
39 39 5
40 40 1
41 41 5
42 42 4
43 43 4
44 44 5
45 45 3
46 46 2
47 47 4
48 48 2
49 49 1
50 50 5
51 51 3
52 52 4
53 53 5
54 54 3
55 55 3
56 56 3
57 57 4
58 58 2
59 59 5
60 60 5
61 61 4
62 62 4
63 63 4
64 64 2
65 65 1
66 66 5
67 67 5
68 68 3
69 69 4
70 70 4
71 71 5
72 72 4
73 73 2
74 74 3
75 75 2
76 76 2
77 77 4
78 78 5
79 79 4
80 80 4
81 81 2
82 82 1
83 83 4
84 84 3
85 85 4
86 86 2
87 87 5
88 88 2
89 89 2
90 90 2
91 91 2
92 92 3
93 93 5
94 94 1
95 95 3
96 96 3
97 97 2
98 98 2
99 99 5
100 100 3
101 101 5
102 102 3
103 103 3
104 104 5
105 105 1
106 106 3
107 107 4
108 108 2
109 109 4
110 110 4
111 111 4
112 112 3
113 113 4
114 114 2
115 115 5
116 116 3
117 117 2
118 118 1
119 119 4
120 120 1
121 121 1
122 122 4
123 123 4
124 124 5
125 125 3
126 126 4
127 127 5
128 128 4
129 129 1
130 130 4
131 131 3
132 132 3
133 133 1
134 134 3
135 135 3
136 136 1
137 137 3
138 138 3
139 139 5
140 140 1
141 141 4
142 142 5
143 143 5
144 144 4
145 145 4
146 146 1
147 147 1
148 148 4
149 149 3
150 150 1
151 151 1
152 152 2
153 153 3
154 154 4
155 155 5
156 156 1
157 157 4
158 158 5
159 159 2
160 160 3
161 161 5
162 162 2
163 163 3
164 164 3
165 165 2
166 166 3
167 167 3
168 168 5
169 169 3
170 170 4
171 171 4
172 172 2
173 173 2
174 174 3
175 175 1
176 176 4
177 177 1
178 178 2
179 179 4
180 180 4
181 181 5
182 182 3
183 183 5
184 184 2
185 185 4
186 186 4
187 187 4
188 188 1
189 189 4
190 190 2
191 191 2
192 192 5
193 193 1
194 194 2
195 195 5
196 196 1
197 197 4
198 198 3
199 199 2
200 200 4
201 201 1
202 202 4
203 203 4
204 204 2
205 205 5
206 206 5
207 207 3
208 208 5
209 209 3
210 210 5
211 211 2
212 212 1
213 213 2
214 214 3
215 215 2
216 216 5
217 217 2
218 218 5
219 219 5
220 220 5
221 221 1
222 222 3
223 223 3
224 224 1
225 225 3
226 226 3
227 227 4
228 228 5
229 229 4
230 230 4
231 231 5
232 232 2
233 233 1
234 234 4
235 235 2
236 236 1
237 237 5
238 238 3
239 239 3
240 240 2
241 241 3
242 242 2
243 243 5
244 244 2
245 245 4
246 246 3
247 247 1
248 248 3
249 249 5
250 250 2
251 251 5
252 252 2
253 253 3
254 254 3
255 255 1
256 256 3
257 257 5
258 258 4
259 259 3
260 260 1
261 261 3
262 262 2
263 263 3
264 264 1
265 265 5
266 266 4
267 267 1
268 268 2
269 269 2
270 270 5
271 271 4
272 272 3
273 273 5
274 274 2
275 275 2
276 276 2
277 277 1
278 278 5
279 279 4
280 280 4
281 281 5
282 282 5
283 283 3
284 284 3
285 285 4
286 286 5
287 287 3
288 288 5
289 289 4
290 290 4
291 291 1
292 292 5
293 293 1
294 294 5
295 295 1
296 296 1
297 297 4
298 298 5
299 299 5
300 300 4
301 301 3
302 302 5
303 303 2
304 304 3
305 305 3
306 306 1
307 307 4
308 308 1
309 309 4
310 310 4
311 311 2
312 312 2
313 313 1
314 314 2
315 315 5
316 316 1
317 317 3
318 318 5
319 319 4
320 320 4
321 321 3
322 322 2
323 323 2
324 324 2
325 325 3
326 326 2
327 327 4
328 328 1
329 329 3
330 330 3
331 331 5
332 332 1
333 333 4
334 334 2
335 335 1
336 336 5
337 337 1
338 338 2
339 339 2
340 340 5
341 341 1
342 342 2
343 343 2
344 344 2
345 345 5
346 346 1
347 347 3
348 348 5
349 349 4
350 350 4
351 351 5
352 352 1
353 353 5
354 354 3
355 355 5
356 356 1
357 357 5
358 358 5
359 359 5
360 360 5
361 361 5
362 362 5
363 363 3
364 364 4
365 365 4
366 366 3
367 367 1
368 368 1
369 369 1
370 370 4
371 371 1
372 372 2
373 373 4
374 374 2
375 375 4
376 376 3
377 377 3
378 378 2
379 379 2
380 380 2
381 381 1
382 382 2
383 383 5
384 384 4
385 385 2
386 386 4
387 387 1
388 388 2
389 389 2
390 390 4
391 391 2
392 392 1
393 393 4
394 394 3
395 395 3
396 396 2
397 397 3
398 398 2
399 399 5
400 400 1
401 401 3
402 402 2
403 403 1
404 404 4
405 405 3
406 406 2
407 407 4
408 408 4
409 409 3
410 410 4
411 411 5
412 412 5
413 413 4
414 414 4
415 415 1
416 416 2
417 417 1
418 418 1
419 419 4
420 420 4
421 421 3
422 422 1
423 423 2
424 424 2
425 425 2
426 426 3
427 427 5
428 428 4
429 429 1
430 430 2
431 431 2
432 432 4
433 433 1
434 434 1
435 435 5
436 436 4
437 437 5
438 438 1
439 439 5
440 440 4
441 441 2
442 442 3
443 443 1
444 444 4
445 445 3
446 446 2
447 447 5
448 448 3
449 449 2
450 450 1
451 451 3
452 452 4
453 453 1
454 454 1
455 455 3
456 456 3
457 457 1
458 458 4
459 459 5
460 460 2
461 461 5
462 462 4
463 463 5
464 464 4
465 465 4
466 466 2
467 467 3
468 468 2
469 469 1
470 470 3
471 471 3
472 472 4
473 473 5
474 474 5
475 475 3
476 476 3
477 477 1
478 478 2
479 479 5
480 480 5
481 481 3
482 482 3
483 483 3
484 484 1
485 485 3
486 486 1
487 487 5
488 488 2
489 489 5
490 490 1
491 491 3
492 492 4
493 493 3
494 494 5
495 495 3
496 496 5
497 497 4
498 498 5
499 499 5
500 500 1
501 501 2
502 502 3
503 503 5
504 504 3
505 505 2
506 506 5
507 507 5
508 508 2
509 509 5
510 510 2
511 511 5
512 512 1
513 513 1
514 514 3
515 515 5
516 516 1
517 517 1
518 518 5
519 519 4
520 520 1
521 521 2
522 522 2
523 523 3
524 524 1
525 525 4
526 526 1
527 527 1
528 528 1
529 529 2
530 530 5
531 531 2
532 532 3
533 533 3
534 534 1
535 535 2
536 536 4
537 537 2
538 538 1
539 539 1
540 540 1
541 541 2
542 542 5
543 543 3
544 544 2
545 545 5
546 546 5
547 547 3
548 548 1
549 549 2
550 550 5
551 551 3
552 552 1
553 553 5
554 554 3
555 555 3
556 556 5
557 557 3
558 558 2
559 559 4
560 560 4
561 561 2
562 562 1
563 563 4
564 564 4
565 565 5
566 566 2
567 567 2
568 568 4
569 569 4
570 570 2
571 571 1
572 572 5
573 573 5
574 574 3
575 575 3
576 576 1
577 577 5
578 578 3
579 579 4
580 580 2
581 581 4
582 582 2
583 583 1
584 584 5
585 585 4
586 586 4
587 587 2
588 588 5
589 589 5
590 590 4
591 591 1
592 592 5
593 593 2
594 594 5
595 595 5
596 596 2
597 597 5
598 598 3
599 599 2
600 600 1
601 601 3
602 602 1
603 603 2
604 604 5
605 605 2
606 606 4
607 607 5
608 608 2
609 609 3
610 610 2
611 611 4
612 612 4
613 613 3
614 614 2
615 615 2
616 616 5
617 617 3
618 618 4
619 619 1
620 620 5
621 621 3
622 622 3
623 623 3
624 624 1
625 625 3
626 626 1
627 627 1
628 628 4
629 629 3
630 630 3
631 631 5
632 632 5
633 633 5
634 634 3
635 635 5
636 636 5
637 637 2
638 638 3
639 639 1
640 640 4
641 641 2
642 642 4
643 643 4
644 644 4
645 645 5
646 646 3
647 647 4
648 648 1
649 649 1
650 650 3
651 651 2
652 652 3
653 653 3
654 654 5
655 655 2
656 656 1
657 657 1
658 658 5
659 659 1
660 660 1
661 661 2
662 662 4
663 663 5
664 664 4
665 665 5
666 666 5
667 667 2
668 668 2
669 669 2
670 670 4
671 671 2
672 672 4
673 673 2
674 674 2
675 675 5
676 676 4
677 677 1
678 678 3
679 679 3
680 680 5
681 681 4
682 682 2
683 683 2
684 684 5
685 685 5
686 686 5
687 687 4
688 688 1
689 689 2
690 690 3
691 691 2
692 692 1
693 693 1
694 694 5
695 695 4
696 696 4
697 697 1
698 698 1
699 699 5
700 700 3
701 701 1
702 702 1
703 703 3
704 704 2
705 705 2
706 706 5
707 707 2
708 708 1
709 709 5
710 710 3
711 711 2
712 712 3
713 713 2
714 714 1
715 715 1
716 716 4
717 717 3
718 718 5
719 719 4
720 720 5
721 721 4
722 722 4
723 723 5
724 724 4
725 725 1
726 726 2
727 727 5
728 728 4
729 729 5
730 730 3
731 731 2
732 732 4
733 733 2
734 734 1
735 735 2
736 736 1
737 737 5
738 738 2
739 739 2
740 740 5
741 741 5
742 742 5
743 743 1
744 744 2
745 745 4
746 746 1
747 747 3
748 748 2
749 749 2
750 750 1
751 751 3
752 752 4
753 753 5
754 754 2
755 755 3
756 756 3
757 757 3
758 758 2
759 759 5
760 760 1
761 761 3
762 762 5
763 763 5
764 764 2
765 765 3
766 766 4
767 767 1
768 768 1
769 769 5
770 770 3
771 771 1
772 772 1
773 773 3
774 774 4
775 775 4
776 776 3
777 777 4
778 778 3
779 779 1
780 780 5
781 781 5
782 782 3
783 783 1
784 784 1
785 785 4
786 786 1
787 787 1
788 788 1
789 789 3
790 790 2
791 791 3
792 792 2
793 793 3
794 794 1
795 795 2
796 796 3
797 797 5
798 798 5
799 799 4
800 800 3
801 801 5
802 802 4
803 803 3
804 804 4
805 805 4
806 806 2
807 807 3
808 808 5
809 809 2
810 810 2
811 811 5
812 812 2
813 813 4
814 814 4
815 815 3
816 816 5
817 817 3
818 818 2
819 819 5
820 820 4
821 821 1
822 822 3
823 823 4
824 824 4
825 825 4
826 826 4
827 827 1
828 828 3
829 829 1
830 830 3
831 831 4
832 832 1
833 833 3
834 834 1
835 835 2
836 836 1
837 837 4
838 838 4
839 839 5
840 840 1
841 841 2
842 842 5
843 843 1
844 844 3
845 845 1
846 846 5
847 847 5
848 848 5
849 849 2
850 850 3
851 851 3
852 852 1
853 853 2
854 854 4
855 855 3
856 856 1
857 857 3
858 858 5
859 859 3
860 860 2
861 861 2
862 862 4
863 863 3
864 864 2
865 865 2
866 866 1
867 867 1
868 868 5
869 869 4
870 870 5
871 871 2
872 872 4
873 873 1
874 874 1
875 875 5
876 876 1
877 877 4
878 878 4
879 879 4
880 880 4
881 881 4
882 882 5
883 883 5
884 884 5
885 885 3
886 886 5
887 887 4
888 888 4
889 889 1
890 890 3
891 891 3
892 892 2
893 893 4
894 894 4
895 895 4
896 896 5
897 897 3
898 898 3
899 899 4
900 900 5
901 901 2
902 902 3
903 903 3
904 904 1
905 905 5
906 906 2
907 907 1
908 908 5
909 909 3
910 910 2
911 911 5
912 912 3
913 913 3
914 914 4
915 915 1
916 916 1
917 917 1
918 918 2
919 919 2
920 920 3
921 921 1
922 922 2
923 923 4
924 924 2
925 925 2
926 926 2
927 927 4
928 928 3
929 929 1
930 930 3
931 931 1
932 932 3
933 933 5
934 934 3
935 935 4
936 936 2
937 937 3
938 938 5
939 939 4
940 940 2
941 941 5
942 942 5
943 943 4
944 944 1
945 945 2
946 946 5
947 947 1
948 948 3
949 949 3
950 950 3
951 951 5
952 952 4
953 953 1
954 954 3
955 955 4
956 956 4
957 957 1
958 958 1
959 959 1
960 960 4
961 961 3
962 962 2
963 963 2
964 964 2
965 965 3
966 966 5
967 967 3
968 968 3
969 969 2
970 970 2
971 971 4
972 972 1
973 973 4
974 974 3
975 975 3
976 976 3
977 977 3
978 978 4
979 979 2
980 980 2
981 981 2
982 982 3
983 983 3
984 984 1
985 985 5
986 986 2
987 987 3
988 988 5
989 989 3
990 990 5
991 991 5
992 992 4
993 993 4
994 994 2
995 995 4
996 996 4
997 997 5
998 998 4
999 999 5
1000 1000 1
1001 1001 4
1002 1002 1
1003 1003 3
1004 1004 2
1005 1005 5
1006 1006 3
1007 1007 5
1008 1008 1
1009 1009 4
1010 1010 5
1011 1011 5
1012 1012 5
1013 1013 3
1014 1014 5
1015 1015 2
1016 1016 2
1017 1017 5
1018 1018 4
1019 1019 2
1020 1020 4
1021 1021 5
1022 1022 1
1023 1023 5
1024 1024 2
1025 1025 2
1026 1026 2
1027 1027 5
1028 1028 5
1029 1029 4
1030 1030 1
1031 1031 5
1032 1032 3
1033 1033 2
1034 1034 4
1035 1035 1
1036 1036 2
1037 1037 3
1038 1038 3
1039 1039 2
1040 1040 4
1041 1041 5
1042 1042 2
1043 1043 5
1044 1044 2
1045 1045 5
1046 1046 3
1047 1047 5
1048 1048 1
1049 1049 5
1050 1050 4
1051 1051 5
1052 1052 4
1053 1053 1
1054 1054 4
1055 1055 2
1056 1056 3
1057 1057 5
1058 1058 2
1059 1059 3
1060 1060 3
1061 1061 1
1062 1062 5
1063 1063 5
1064 1064 2
1065 1065 2
1066 1066 3
1067 1067 4
1068 1068 4
1069 1069 1
1070 1070 2
1071 1071 3
1072 1072 1
1073 1073 5
1074 1074 5
1075 1075 2
1076 1076 1
1077 1077 5
1078 1078 1
1079 1079 3
1080 1080 4
1081 1081 3
1082 1082 3
1083 1083 4
1084 1084 4
1085 1085 2
1086 1086 4
1087 1087 4
1088 1088 4
1089 1089 3
1090 1090 2
1091 1091 4
1092 1092 4
1093 1093 5
1094 1094 5
1095 1095 1
1096 1096 4
1097 1097 1
1098 1098 5
1099 1099 5
1100 1100 1
1101 1101 3
1102 1102 5
1103 1103 2
1104 1104 2
1105 1105 1
1106 1106 1
1107 1107 1
1108 1108 1
1109 1109 1
1110 1110 1
1111 1111 4
1112 1112 4
1113 1113 5
1114 1114 1
1115 1115 2
1116 1116 4
1117 1117 3
1118 1118 4
1119 1119 1
1120 1120 2
1121 1121 4
1122 1122 4
1123 1123 2
1124 1124 2
1125 1125 5
1126 1126 2
1127 1127 1
1128 1128 2
1129 1129 5
1130 1130 2
1131 1131 3
1132 1132 2
1133 1133 2
1134 1134 1
1135 1135 4
1136 1136 1
1137 1137 1
1138 1138 3
1139 1139 5
1140 1140 1
1141 1141 2
1142 1142 1
1143 1143 2
1144 1144 5
1145 1145 1
1146 1146 5
1147 1147 5
1148 1148 1
1149 1149 1
1150 1150 4
1151 1151 5
1152 1152 1
1153 1153 1
1154 1154 3
1155 1155 3
1156 1156 1
1157 1157 3
1158 1158 4
1159 1159 1
1160 1160 5
1161 1161 3
1162 1162 5
1163 1163 3
1164 1164 2
1165 1165 4
1166 1166 5
1167 1167 2
1168 1168 3
1169 1169 4
1170 1170 5
1171 1171 3
1172 1172 3
1173 1173 4
1174 1174 3
1175 1175 1
1176 1176 2
1177 1177 2
1178 1178 5
1179 1179 5
1180 1180 1
1181 1181 4
1182 1182 4
1183 1183 1
1184 1184 2
1185 1185 1
1186 1186 2
1187 1187 2
1188 1188 1
1189 1189 5
1190 1190 1
1191 1191 5
1192 1192 3
1193 1193 2
1194 1194 3
1195 1195 1
1196 1196 5
1197 1197 3
1198 1198 1
1199 1199 4
1200 1200 3
1201 1201 1
1202 1202 2
1203 1203 1
1204 1204 5
1205 1205 1
1206 1206 5
1207 1207 2
1208 1208 2
1209 1209 1
1210 1210 1
1211 1211 4
1212 1212 2
1213 1213 1
1214 1214 1
1215 1215 2
1216 1216 2
1217 1217 5
1218 1218 2
1219 1219 3
1220 1220 1
1221 1221 4
1222 1222 4
1223 1223 4
1224 1224 2
1225 1225 5
1226 1226 2
1227 1227 4
1228 1228 1
1229 1229 1
1230 1230 4
1231 1231 1
1232 1232 2
1233 1233 1
1234 1234 5
1235 1235 2
1236 1236 5
1237 1237 4
1238 1238 2
1239 1239 5
1240 1240 4
1241 1241 4
1242 1242 4
1243 1243 4
1244 1244 3
1245 1245 5
1246 1246 2
1247 1247 4
1248 1248 4
1249 1249 1
1250 1250 3
1251 1251 4
1252 1252 1
1253 1253 3
1254 1254 4
1255 1255 2
1256 1256 1
1257 1257 1
1258 1258 3
1259 1259 5
1260 1260 5
1261 1261 4
1262 1262 1
1263 1263 4
1264 1264 1
1265 1265 1
1266 1266 2
1267 1267 4
1268 1268 5
1269 1269 4
1270 1270 4
1271 1271 5
1272 1272 1
1273 1273 5
1274 1274 3
1275 1275 1
1276 1276 4
1277 1277 1
1278 1278 2
1279 1279 2
1280 1280 3
1281 1281 4
1282 1282 5
1283 1283 4
1284 1284 5
1285 1285 2
1286 1286 3
1287 1287 3
1288 1288 1
1289 1289 5
1290 1290 3
1291 1291 4
1292 1292 5
1293 1293 1
1294 1294 5
1295 1295 5
1296 1296 1
1297 1297 3
1298 1298 5
1299 1299 2
1300 1300 1
1301 1301 4
1302 1302 3
1303 1303 5
1304 1304 2
1305 1305 1
1306 1306 2
1307 1307 5
1308 1308 3
1309 1309 5
1310 1310 4
1311 1311 3
1312 1312 4
1313 1313 5
1314 1314 3
1315 1315 5
1316 1316 1
1317 1317 2
1318 1318 2
1319 1319 3
1320 1320 1
1321 1321 4
1322 1322 3
1323 1323 2
1324 1324 4
1325 1325 4
1326 1326 4
1327 1327 3
1328 1328 2
1329 1329 2
1330 1330 3
1331 1331 5
1332 1332 4
1333 1333 1
1334 1334 4
1335 1335 5
1336 1336 5
1337 1337 2
1338 1338 3
1339 1339 2
1340 1340 2
1341 1341 4
1342 1342 5
1343 1343 3
1344 1344 5
1345 1345 3
1346 1346 5
1347 1347 3
1348 1348 3
1349 1349 3
1350 1350 3
1351 1351 2
1352 1352 4
1353 1353 3
1354 1354 5
1355 1355 1
1356 1356 3
1357 1357 1
1358 1358 4
1359 1359 3
1360 1360 3
1361 1361 2
1362 1362 5
1363 1363 1
1364 1364 4
1365 1365 1
1366 1366 1
1367 1367 4
1368 1368 2
1369 1369 4
1370 1370 3
1371 1371 5
1372 1372 2
1373 1373 1
1374 1374 1
1375 1375 2
1376 1376 4
1377 1377 3
1378 1378 3
1379 1379 3
1380 1380 1
1381 1381 3
1382 1382 1
1383 1383 2
1384 1384 3
1385 1385 5
1386 1386 4
1387 1387 1
1388 1388 4
1389 1389 2
1390 1390 5
1391 1391 3
1392 1392 2
1393 1393 2
1394 1394 2
1395 1395 3
1396 1396 3
1397 1397 5
1398 1398 3
1399 1399 3
1400 1400 4
1401 1401 2
1402 1402 5
1403 1403 1
1404 1404 1
1405 1405 3
1406 1406 4
1407 1407 3
1408 1408 4
1409 1409 1
1410 1410 1
1411 1411 3
1412 1412 2
1413 1413 5
1414 1414 1
1415 1415 1
1416 1416 2
1417 1417 5
1418 1418 5
1419 1419 2
1420 1420 4
1421 1421 1
1422 1422 1
1423 1423 2
1424 1424 1
1425 1425 4
1426 1426 1
1427 1427 3
1428 1428 5
1429 1429 2
1430 1430 5
1431 1431 5
1432 1432 5
1433 1433 4
1434 1434 1
1435 1435 4
1436 1436 5
1437 1437 4
1438 1438 2
1439 1439 4
1440 1440 3
1441 1441 1
1442 1442 1
1443 1443 2
1444 1444 2
1445 1445 4
1446 1446 5
1447 1447 2
1448 1448 1
1449 1449 4
1450 1450 4
1451 1451 3
1452 1452 5
1453 1453 5
1454 1454 4
1455 1455 5
1456 1456 1
1457 1457 1
1458 1458 1
1459 1459 5
1460 1460 4
1461 1461 1
1462 1462 5
1463 1463 4
1464 1464 4
1465 1465 4
1466 1466 5
1467 1467 1
1468 1468 2
1469 1469 2
1470 1470 3
1471 1471 4
1472 1472 5
1473 1473 3
1474 1474 5
1475 1475 2
1476 1476 5
1477 1477 1
1478 1478 2
1479 1479 5
1480 1480 2
1481 1481 2
1482 1482 5
1483 1483 1
1484 1484 4
1485 1485 1
1486 1486 1
1487 1487 2
1488 1488 2
1489 1489 5
1490 1490 3
1491 1491 4
1492 1492 2
1493 1493 2
1494 1494 2
1495 1495 5
1496 1496 4
1497 1497 3
1498 1498 3
1499 1499 5
1500 1500 3
1501 1501 5
1502 1502 2
1503 1503 3
1504 1504 2
1505 1505 3
1506 1506 1
1507 1507 5
1508 1508 5
1509 1509 2
1510 1510 1
1511 1511 2
1512 1512 4
1513 1513 5
1514 1514 5
1515 1515 3
1516 1516 4
1517 1517 5
1518 1518 5
1519 1519 5
1520 1520 4
1521 1521 2
1522 1522 5
1523 1523 3
1524 1524 3
1525 1525 5
1526 1526 5
1527 1527 3
1528 1528 1
1529 1529 5
1530 1530 2
1531 1531 4
1532 1532 2
1533 1533 3
1534 1534 1
1535 1535 4
1536 1536 3
1537 1537 1
1538 1538 1
1539 1539 3
1540 1540 4
1541 1541 1
1542 1542 1
1543 1543 4
1544 1544 4
1545 1545 5
1546 1546 5
1547 1547 2
1548 1548 5
1549 1549 5
1550 1550 4
1551 1551 3
1552 1552 2
1553 1553 1
1554 1554 3
1555 1555 4
1556 1556 1
1557 1557 1
1558 1558 3
1559 1559 2
1560 1560 2
1561 1561 4
1562 1562 3
1563 1563 5
1564 1564 2
1565 1565 3
1566 1566 2
1567 1567 2
1568 1568 1
1569 1569 1
1570 1570 4
1571 1571 1
1572 1572 4
1573 1573 1
1574 1574 2
1575 1575 3
1576 1576 4
1577 1577 4
1578 1578 2
1579 1579 4
1580 1580 5
1581 1581 1
1582 1582 3
1583 1583 3
1584 1584 2
1585 1585 2
1586 1586 2
1587 1587 5
1588 1588 3
1589 1589 1
1590 1590 5
1591 1591 2
1592 1592 5
1593 1593 1
1594 1594 1
1595 1595 4
1596 1596 2
1597 1597 5
1598 1598 1
1599 1599 5
1600 1600 5
1601 1601 2
1602 1602 1
1603 1603 5
1604 1604 4
1605 1605 1
1606 1606 5
1607 1607 2
1608 1608 5
1609 1609 2
1610 1610 3
1611 1611 2
1612 1612 2
1613 1613 3
1614 1614 1
1615 1615 2
1616 1616 5
1617 1617 5
1618 1618 2
1619 1619 4
1620 1620 4
1621 1621 3
1622 1622 1
1623 1623 2
1624 1624 5
1625 1625 1
1626 1626 2
1627 1627 4
1628 1628 5
1629 1629 3
1630 1630 4
1631 1631 3
1632 1632 1
1633 1633 2
1634 1634 2
1635 1635 2
1636 1636 4
1637 1637 3
1638 1638 4
1639 1639 2
1640 1640 4
1641 1641 5
1642 1642 2
1643 1643 4
1644 1644 5
1645 1645 5
1646 1646 2
1647 1647 4
1648 1648 4
1649 1649 1
1650 1650 4
1651 1651 2
1652 1652 1
1653 1653 5
1654 1654 2
1655 1655 3
1656 1656 5
1657 1657 2
1658 1658 4
1659 1659 4
1660 1660 5
1661 1661 3
1662 1662 1
1663 1663 2
1664 1664 1
1665 1665 3
1666 1666 2
1667 1667 5
1668 1668 5
1669 1669 4
1670 1670 5
1671 1671 3
1672 1672 3
1673 1673 3
1674 1674 4
1675 1675 4
1676 1676 4
1677 1677 4
1678 1678 2
1679 1679 4
1680 1680 3
1681 1681 4
1682 1682 2
1683 1683 4
1684 1684 4
1685 1685 5
1686 1686 1
1687 1687 5
1688 1688 1
1689 1689 2
1690 1690 2
1691 1691 3
1692 1692 5
1693 1693 4
1694 1694 2
1695 1695 1
1696 1696 2
1697 1697 4
1698 1698 3
1699 1699 2
1700 1700 1
1701 1701 4
1702 1702 2
1703 1703 3
1704 1704 4
1705 1705 2
1706 1706 2
1707 1707 2
1708 1708 2
1709 1709 5
1710 1710 4
1711 1711 3
1712 1712 4
1713 1713 5
1714 1714 3
1715 1715 3
1716 1716 5
1717 1717 5
1718 1718 5
1719 1719 1
1720 1720 4
1721 1721 1
1722 1722 3
1723 1723 1
1724 1724 2
1725 1725 4
1726 1726 4
1727 1727 5
1728 1728 1
1729 1729 4
1730 1730 5
1731 1731 2
1732 1732 4
1733 1733 3
1734 1734 5
1735 1735 2
1736 1736 3
1737 1737 4
1738 1738 1
1739 1739 2
1740 1740 1
1741 1741 3
1742 1742 2
1743 1743 3
1744 1744 1
1745 1745 2
1746 1746 5
1747 1747 3
1748 1748 4
1749 1749 4
1750 1750 3
1751 1751 4
1752 1752 2
1753 1753 5
1754 1754 1
1755 1755 3
1756 1756 5
1757 1757 1
1758 1758 2
1759 1759 1
1760 1760 1
1761 1761 5
1762 1762 3
1763 1763 4
1764 1764 2
1765 1765 5
1766 1766 3
1767 1767 3
1768 1768 2
1769 1769 1
1770 1770 2
1771 1771 3
1772 1772 2
1773 1773 5
1774 1774 1
1775 1775 4
1776 1776 1
1777 1777 4
1778 1778 5
1779 1779 3
1780 1780 2
1781 1781 5
1782 1782 3
1783 1783 1
1784 1784 5
1785 1785 5
1786 1786 2
1787 1787 4
1788 1788 5
1789 1789 3
1790 1790 2
1791 1791 2
1792 1792 5
1793 1793 1
1794 1794 3
1795 1795 1
1796 1796 5
1797 1797 5
1798 1798 5
1799 1799 5
1800 1800 4
1801 1801 3
1802 1802 5
1803 1803 5
1804 1804 2
1805 1805 4
1806 1806 3
1807 1807 4
1808 1808 1
1809 1809 5
1810 1810 4
1811 1811 5
1812 1812 4
1813 1813 2
1814 1814 3
1815 1815 3
1816 1816 1
1817 1817 4
1818 1818 5
1819 1819 2
1820 1820 1
1821 1821 4
1822 1822 4
1823 1823 3
1824 1824 4
1825 1825 4
1826 1826 4
1827 1827 1
1828 1828 3
1829 1829 5
1830 1830 5
1831 1831 2
1832 1832 2
1833 1833 4
1834 1834 1
1835 1835 2
1836 1836 3
1837 1837 5
1838 1838 4
1839 1839 2
1840 1840 1
1841 1841 5
1842 1842 1
1843 1843 2
1844 1844 3
1845 1845 3
1846 1846 5
1847 1847 2
1848 1848 1
1849 1849 1
1850 1850 5
1851 1851 5
1852 1852 5
1853 1853 5
1854 1854 1
1855 1855 3
1856 1856 4
1857 1857 5
1858 1858 5
1859 1859 4
1860 1860 1
1861 1861 4
1862 1862 5
1863 1863 3
1864 1864 4
1865 1865 2
1866 1866 1
1867 1867 5
1868 1868 5
1869 1869 5
1870 1870 4
1871 1871 5
1872 1872 1
1873 1873 3
1874 1874 1
1875 1875 2
1876 1876 4
1877 1877 5
1878 1878 5
1879 1879 4
1880 1880 3
1881 1881 2
1882 1882 1
1883 1883 5
1884 1884 5
1885 1885 2
1886 1886 1
1887 1887 2
1888 1888 4
1889 1889 1
1890 1890 1
1891 1891 3
1892 1892 3
1893 1893 5
1894 1894 4
1895 1895 2
1896 1896 4
1897 1897 3
1898 1898 5
1899 1899 5
1900 1900 3
1901 1901 5
1902 1902 5
1903 1903 3
1904 1904 1
1905 1905 2
1906 1906 2
1907 1907 5
1908 1908 1
1909 1909 5
1910 1910 5
1911 1911 3
1912 1912 3
1913 1913 2
1914 1914 4
1915 1915 1
1916 1916 3
1917 1917 1
1918 1918 1
1919 1919 4
1920 1920 4
1921 1921 4
1922 1922 4
1923 1923 2
1924 1924 1
1925 1925 2
1926 1926 4
1927 1927 2
1928 1928 5
1929 1929 2
1930 1930 3
1931 1931 1
1932 1932 4
1933 1933 4
1934 1934 5
1935 1935 1
1936 1936 2
1937 1937 2
1938 1938 1
1939 1939 5
1940 1940 5
1941 1941 5
1942 1942 1
1943 1943 4
1944 1944 3
1945 1945 3
1946 1946 3
1947 1947 3
1948 1948 2
1949 1949 2
1950 1950 4
1951 1951 5
1952 1952 2
1953 1953 5
1954 1954 1
1955 1955 3
1956 1956 1
1957 1957 5
1958 1958 3
1959 1959 4
1960 1960 5
1961 1961 4
1962 1962 5
1963 1963 3
1964 1964 1
1965 1965 2
1966 1966 2
1967 1967 5
1968 1968 4
1969 1969 3
1970 1970 2
1971 1971 3
1972 1972 3
1973 1973 2
1974 1974 1
1975 1975 5
1976 1976 5
1977 1977 5
1978 1978 2
1979 1979 1
1980 1980 5
1981 1981 1
1982 1982 2
1983 1983 4
1984 1984 5
1985 1985 2
1986 1986 1
1987 1987 3
1988 1988 3
1989 1989 3
1990 1990 3
1991 1991 5
1992 1992 2
1993 1993 5
1994 1994 3
1995 1995 2
1996 1996 1
1997 1997 1
1998 1998 2
1999 1999 4
2000 2000 5
2001 2001 1
2002 2002 1
2003 2003 1
2004 2004 1
2005 2005 1
2006 2006 1
2007 2007 3
2008 2008 5
2009 2009 5
2010 2010 2
2011 2011 5
2012 2012 1
2013 2013 5
2014 2014 5
2015 2015 1
2016 2016 4
2017 2017 2
2018 2018 3
2019 2019 2
2020 2020 2
2021 2021 5
2022 2022 2
2023 2023 5
2024 2024 3
2025 2025 5
2026 2026 5
2027 2027 5
2028 2028 5
2029 2029 3
2030 2030 1
2031 2031 4
2032 2032 5
2033 2033 1
2034 2034 5
2035 2035 2
2036 2036 5
2037 2037 2
2038 2038 5
2039 2039 2
2040 2040 3
2041 2041 4
2042 2042 2
2043 2043 4
2044 2044 3
2045 2045 4
2046 2046 5
2047 2047 3
2048 2048 5
2049 2049 2
2050 2050 1
2051 2051 4
2052 2052 1
2053 2053 5
2054 2054 3
2055 2055 5
2056 2056 5
2057 2057 4
2058 2058 4
2059 2059 3
2060 2060 3
2061 2061 3
2062 2062 3
2063 2063 3
2064 2064 2
2065 2065 5
2066 2066 1
2067 2067 3
2068 2068 5
2069 2069 1
2070 2070 2
2071 2071 3
2072 2072 4
2073 2073 2
2074 2074 1
2075 2075 3
2076 2076 5
2077 2077 5
2078 2078 4
2079 2079 1
2080 2080 2
2081 2081 5
2082 2082 3
2083 2083 1
2084 2084 5
2085 2085 3
2086 2086 3
2087 2087 5
2088 2088 2
2089 2089 1
2090 2090 5
2091 2091 5
2092 2092 5
2093 2093 1
2094 2094 3
2095 2095 2
2096 2096 4
2097 2097 3
2098 2098 4
2099 2099 2
2100 2100 4
2101 2101 2
2102 2102 4
2103 2103 5
2104 2104 3
2105 2105 4
2106 2106 5
2107 2107 2
2108 2108 4
2109 2109 3
2110 2110 1
2111 2111 3
2112 2112 2
2113 2113 4
2114 2114 2
2115 2115 1
2116 2116 1
2117 2117 3
2118 2118 4
2119 2119 4
2120 2120 3
2121 2121 1
2122 2122 2
2123 2123 1
2124 2124 4
2125 2125 4
2126 2126 3
2127 2127 3
2128 2128 4
2129 2129 2
2130 2130 3
2131 2131 5
2132 2132 2
2133 2133 5
2134 2134 1
2135 2135 1
2136 2136 1
2137 2137 1
2138 2138 5
2139 2139 1
2140 2140 3
2141 2141 3
2142 2142 4
2143 2143 5
2144 2144 2
2145 2145 2
2146 2146 1
2147 2147 5
2148 2148 5
2149 2149 1
2150 2150 4
2151 2151 3
2152 2152 4
2153 2153 5
2154 2154 3
2155 2155 4
2156 2156 3
2157 2157 4
2158 2158 4
2159 2159 3
2160 2160 3
2161 2161 5
2162 2162 3
2163 2163 1
2164 2164 5
2165 2165 5
2166 2166 3
2167 2167 2
2168 2168 4
2169 2169 3
2170 2170 4
2171 2171 1
2172 2172 4
2173 2173 2
2174 2174 3
2175 2175 3
2176 2176 1
2177 2177 4
2178 2178 2
2179 2179 3
2180 2180 3
2181 2181 4
2182 2182 4
2183 2183 2
2184 2184 4
2185 2185 2
2186 2186 1
2187 2187 3
2188 2188 3
2189 2189 1
2190 2190 2
2191 2191 5
2192 2192 3
2193 2193 4
2194 2194 1
2195 2195 5
2196 2196 5
2197 2197 5
2198 2198 1
2199 2199 3
2200 2200 3
2201 2201 3
2202 2202 3
2203 2203 2
2204 2204 2
2205 2205 2
2206 2206 1
2207 2207 2
2208 2208 4
2209 2209 5
2210 2210 3
2211 2211 2
2212 2212 3
2213 2213 2
2214 2214 2
2215 2215 2
2216 2216 1
2217 2217 1
2218 2218 3
2219 2219 1
2220 2220 4
2221 2221 3
2222 2222 1
2223 2223 1
2224 2224 3
2225 2225 2
2226 2226 3
2227 2227 2
2228 2228 1
2229 2229 2
2230 2230 1
2231 2231 2
2232 2232 5
2233 2233 4
2234 2234 4
2235 2235 4
2236 2236 2
2237 2237 4
2238 2238 5
2239 2239 3
2240 2240 3
2241 2241 2
2242 2242 2
2243 2243 2
2244 2244 3
2245 2245 4
2246 2246 3
2247 2247 2
2248 2248 2
2249 2249 5
2250 2250 4
2251 2251 1
2252 2252 1
2253 2253 4
2254 2254 1
2255 2255 5
2256 2256 2
2257 2257 5
2258 2258 4
2259 2259 2
2260 2260 3
2261 2261 1
2262 2262 2
2263 2263 4
2264 2264 1
2265 2265 3
2266 2266 1
2267 2267 4
2268 2268 5
2269 2269 2
2270 2270 1
2271 2271 3
2272 2272 5
2273 2273 3
2274 2274 1
2275 2275 4
2276 2276 1
2277 2277 4
2278 2278 2
2279 2279 1
2280 2280 5
2281 2281 2
2282 2282 1
2283 2283 1
2284 2284 4
2285 2285 1
2286 2286 5
2287 2287 4
2288 2288 1
2289 2289 2
2290 2290 2
2291 2291 2
2292 2292 1
2293 2293 1
2294 2294 4
2295 2295 2
2296 2296 3
2297 2297 5
2298 2298 5
2299 2299 3
2300 2300 2
2301 2301 3
2302 2302 3
2303 2303 5
2304 2304 3
2305 2305 1
2306 2306 3
2307 2307 2
2308 2308 4
2309 2309 2
2310 2310 2
2311 2311 1
2312 2312 5
2313 2313 3
2314 2314 2
2315 2315 2
2316 2316 5
2317 2317 1
2318 2318 1
2319 2319 4
2320 2320 3
2321 2321 1
2322 2322 1
2323 2323 1
2324 2324 3
2325 2325 2
2326 2326 5
2327 2327 5
2328 2328 2
2329 2329 1
2330 2330 5
2331 2331 4
2332 2332 3
2333 2333 4
2334 2334 4
2335 2335 4
2336 2336 4
2337 2337 1
2338 2338 1
2339 2339 5
2340 2340 2
2341 2341 5
2342 2342 4
2343 2343 5
2344 2344 2
2345 2345 4
2346 2346 2
2347 2347 1
2348 2348 1
2349 2349 3
2350 2350 5
2351 2351 1
2352 2352 4
2353 2353 4
2354 2354 2
2355 2355 4
2356 2356 3
2357 2357 3
2358 2358 4
2359 2359 2
2360 2360 2
2361 2361 4
2362 2362 5
2363 2363 3
2364 2364 2
2365 2365 2
2366 2366 5
2367 2367 5
2368 2368 2
2369 2369 2
2370 2370 4
2371 2371 1
2372 2372 1
2373 2373 1
2374 2374 5
2375 2375 5
2376 2376 5
2377 2377 5
2378 2378 4
2379 2379 2
2380 2380 5
2381 2381 3
2382 2382 4
2383 2383 2
2384 2384 5
2385 2385 5
2386 2386 4
2387 2387 4
2388 2388 1
2389 2389 3
2390 2390 3
2391 2391 5
2392 2392 5
2393 2393 5
2394 2394 2
2395 2395 5
2396 2396 4
2397 2397 5
2398 2398 2
2399 2399 3
2400 2400 3
2401 2401 5
2402 2402 3
2403 2403 4
2404 2404 4
2405 2405 2
2406 2406 2
2407 2407 1
2408 2408 1
2409 2409 4
2410 2410 5
2411 2411 3
2412 2412 3
2413 2413 2
2414 2414 2
2415 2415 5
2416 2416 5
2417 2417 2
2418 2418 4
2419 2419 4
2420 2420 5
2421 2421 1
2422 2422 3
2423 2423 3
2424 2424 2
2425 2425 1
2426 2426 1
2427 2427 1
2428 2428 3
2429 2429 4
2430 2430 3
2431 2431 2
2432 2432 1
2433 2433 2
2434 2434 2
2435 2435 4
2436 2436 1
2437 2437 4
2438 2438 4
2439 2439 3
2440 2440 4
2441 2441 1
2442 2442 2
2443 2443 1
2444 2444 3
2445 2445 5
2446 2446 1
2447 2447 4
2448 2448 3
2449 2449 2
2450 2450 1
2451 2451 5
2452 2452 5
2453 2453 2
2454 2454 4
2455 2455 3
2456 2456 3
2457 2457 3
2458 2458 3
2459 2459 5
2460 2460 3
2461 2461 2
2462 2462 5
2463 2463 1
2464 2464 2
2465 2465 3
2466 2466 4
2467 2467 5
2468 2468 3
2469 2469 5
2470 2470 4
2471 2471 3
2472 2472 1
2473 2473 2
2474 2474 3
2475 2475 2
2476 2476 3
2477 2477 5
2478 2478 5
2479 2479 3
2480 2480 3
2481 2481 4
2482 2482 1
2483 2483 3
2484 2484 5
2485 2485 2
2486 2486 1
2487 2487 4
2488 2488 1
2489 2489 2
2490 2490 3
2491 2491 1
2492 2492 3
2493 2493 5
2494 2494 3
2495 2495 4
2496 2496 2
2497 2497 3
2498 2498 3
2499 2499 1
2500 2500 5
2501 2501 5
2502 2502 5
2503 2503 4
2504 2504 2
2505 2505 5
2506 2506 4
2507 2507 4
2508 2508 5
2509 2509 1
2510 2510 4
2511 2511 4
2512 2512 2
2513 2513 1
2514 2514 5
2515 2515 2
2516 2516 2
2517 2517 5
2518 2518 3
2519 2519 1
2520 2520 4
2521 2521 5
2522 2522 3
2523 2523 2
2524 2524 3
2525 2525 4
2526 2526 2
2527 2527 3
2528 2528 2
2529 2529 5
2530 2530 1
2531 2531 2
2532 2532 5
2533 2533 1
2534 2534 5
2535 2535 1
2536 2536 1
2537 2537 2
2538 2538 3
2539 2539 2
2540 2540 1
2541 2541 5
2542 2542 5
2543 2543 4
2544 2544 4
2545 2545 5
2546 2546 2
2547 2547 4
2548 2548 2
2549 2549 3
2550 2550 4
2551 2551 5
2552 2552 5
2553 2553 1
2554 2554 2
2555 2555 5
2556 2556 1
2557 2557 4
2558 2558 4
2559 2559 5
2560 2560 1
2561 2561 1
2562 2562 1
2563 2563 5
2564 2564 2
2565 2565 5
2566 2566 1
2567 2567 2
2568 2568 1
2569 2569 3
2570 2570 1
2571 2571 1
2572 2572 2
2573 2573 3
2574 2574 2
2575 2575 1
2576 2576 2
2577 2577 2
2578 2578 4
2579 2579 3
2580 2580 2
2581 2581 2
2582 2582 2
2583 2583 2
2584 2584 1
2585 2585 4
2586 2586 5
2587 2587 3
2588 2588 4
2589 2589 1
2590 2590 1
2591 2591 5
2592 2592 3
2593 2593 5
2594 2594 2
2595 2595 2
2596 2596 4
2597 2597 4
2598 2598 4
2599 2599 5
2600 2600 1
2601 2601 3
2602 2602 2
2603 2603 5
2604 2604 4
2605 2605 5
2606 2606 5
2607 2607 1
2608 2608 4
2609 2609 5
2610 2610 2
2611 2611 5
2612 2612 1
2613 2613 5
2614 2614 4
2615 2615 5
2616 2616 3
2617 2617 4
2618 2618 5
2619 2619 3
2620 2620 5
2621 2621 2
2622 2622 5
2623 2623 4
2624 2624 1
2625 2625 2
2626 2626 4
2627 2627 2
2628 2628 4
2629 2629 5
2630 2630 3
2631 2631 5
2632 2632 3
2633 2633 3
2634 2634 5
2635 2635 4
2636 2636 1
2637 2637 4
2638 2638 5
2639 2639 4
2640 2640 4
2641 2641 4
2642 2642 4
2643 2643 2
2644 2644 4
2645 2645 4
2646 2646 4
2647 2647 4
2648 2648 2
2649 2649 5
2650 2650 5
2651 2651 4
2652 2652 3
2653 2653 3
2654 2654 4
2655 2655 4
2656 2656 5
2657 2657 5
2658 2658 2
2659 2659 3
2660 2660 1
2661 2661 5
2662 2662 4
2663 2663 3
2664 2664 2
2665 2665 1
2666 2666 2
2667 2667 3
2668 2668 3
2669 2669 5
2670 2670 1
2671 2671 4
2672 2672 4
2673 2673 1
2674 2674 2
2675 2675 2
2676 2676 5
2677 2677 4
2678 2678 3
2679 2679 4
2680 2680 3
2681 2681 3
2682 2682 4
2683 2683 2
2684 2684 1
2685 2685 5
2686 2686 4
2687 2687 3
2688 2688 1
2689 2689 3
2690 2690 5
2691 2691 1
2692 2692 3
2693 2693 2
2694 2694 1
2695 2695 3
2696 2696 4
2697 2697 4
2698 2698 4
2699 2699 1
2700 2700 3
2701 2701 3
2702 2702 4
2703 2703 2
2704 2704 3
2705 2705 2
2706 2706 5
2707 2707 3
2708 2708 5
2709 2709 5
2710 2710 4
2711 2711 5
2712 2712 3
2713 2713 2
2714 2714 3
2715 2715 4
2716 2716 4
2717 2717 2
2718 2718 2
2719 2719 2
2720 2720 3
2721 2721 5
2722 2722 4
2723 2723 2
2724 2724 5
2725 2725 2
2726 2726 4
2727 2727 5
2728 2728 3
2729 2729 1
2730 2730 4
2731 2731 5
2732 2732 3
2733 2733 4
2734 2734 5
2735 2735 2
2736 2736 4
2737 2737 5
2738 2738 2
2739 2739 2
2740 2740 2
2741 2741 1
2742 2742 1
2743 2743 5
2744 2744 4
2745 2745 4
2746 2746 4
2747 2747 3
2748 2748 3
2749 2749 4
2750 2750 4
2751 2751 4
2752 2752 5
2753 2753 2
2754 2754 5
2755 2755 5
2756 2756 2
2757 2757 5
2758 2758 3
2759 2759 1
2760 2760 4
2761 2761 4
2762 2762 5
2763 2763 5
2764 2764 4
2765 2765 1
2766 2766 5
2767 2767 5
2768 2768 5
2769 2769 5
2770 2770 2
2771 2771 2
2772 2772 3
2773 2773 1
2774 2774 1
2775 2775 1
2776 2776 5
2777 2777 4
2778 2778 3
2779 2779 3
2780 2780 2
2781 2781 1
2782 2782 5
2783 2783 3
2784 2784 5
2785 2785 5
2786 2786 1
2787 2787 2
2788 2788 4
2789 2789 4
2790 2790 5
2791 2791 1
2792 2792 2
2793 2793 3
2794 2794 3
2795 2795 5
2796 2796 1
2797 2797 5
2798 2798 4
2799 2799 2
2800 2800 4
2801 2801 2
2802 2802 4
2803 2803 3
2804 2804 3
2805 2805 5
2806 2806 5
2807 2807 5
2808 2808 3
2809 2809 4
2810 2810 3
2811 2811 4
2812 2812 2
2813 2813 5
2814 2814 2
2815 2815 5
2816 2816 5
2817 2817 4
2818 2818 4
2819 2819 5
2820 2820 4
2821 2821 4
2822 2822 4
2823 2823 2
2824 2824 1
2825 2825 4
2826 2826 5
2827 2827 1
2828 2828 5
2829 2829 1
2830 2830 2
2831 2831 3
2832 2832 1
2833 2833 3
2834 2834 1
2835 2835 3
2836 2836 2
2837 2837 3
2838 2838 5
2839 2839 4
2840 2840 5
2841 2841 5
2842 2842 1
2843 2843 2
2844 2844 3
2845 2845 1
2846 2846 1
2847 2847 5
2848 2848 1
2849 2849 3
2850 2850 4
2851 2851 5
2852 2852 2
2853 2853 2
2854 2854 4
2855 2855 4
2856 2856 3
2857 2857 3
2858 2858 2
2859 2859 5
2860 2860 5
2861 2861 5
2862 2862 3
2863 2863 5
2864 2864 3
2865 2865 5
2866 2866 4
2867 2867 4
2868 2868 4
2869 2869 1
2870 2870 2
2871 2871 3
2872 2872 3
2873 2873 1
2874 2874 2
2875 2875 3
2876 2876 2
2877 2877 5
2878 2878 3
2879 2879 3
2880 2880 2
2881 2881 4
2882 2882 5
2883 2883 3
2884 2884 1
2885 2885 2
2886 2886 1
2887 2887 1
2888 2888 3
2889 2889 3
2890 2890 5
2891 2891 1
2892 2892 3
2893 2893 1
2894 2894 1
2895 2895 5
2896 2896 3
2897 2897 2
2898 2898 1
2899 2899 1
2900 2900 3
2901 2901 3
2902 2902 4
2903 2903 1
2904 2904 3
2905 2905 5
2906 2906 5
2907 2907 3
2908 2908 1
2909 2909 3
2910 2910 5
2911 2911 2
2912 2912 3
2913 2913 3
2914 2914 2
2915 2915 3
2916 2916 5
2917 2917 2
2918 2918 3
2919 2919 1
2920 2920 1
2921 2921 5
2922 2922 3
2923 2923 4
2924 2924 1
2925 2925 5
2926 2926 4
2927 2927 4
2928 2928 3
2929 2929 1
2930 2930 3
2931 2931 1
2932 2932 3
2933 2933 2
2934 2934 1
2935 2935 2
2936 2936 5
2937 2937 3
2938 2938 3
2939 2939 5
2940 2940 1
2941 2941 1
2942 2942 2
2943 2943 1
2944 2944 1
2945 2945 5
2946 2946 3
2947 2947 3
2948 2948 5
2949 2949 5
2950 2950 4
2951 2951 2
2952 2952 2
2953 2953 4
2954 2954 2
2955 2955 5
2956 2956 2
2957 2957 1
2958 2958 1
2959 2959 2
2960 2960 1
2961 2961 1
2962 2962 3
2963 2963 2
2964 2964 3
2965 2965 1
2966 2966 1
2967 2967 2
2968 2968 4
2969 2969 5
2970 2970 3
2971 2971 4
2972 2972 1
2973 2973 2
2974 2974 4
2975 2975 3
2976 2976 3
2977 2977 1
2978 2978 3
2979 2979 5
2980 2980 2
2981 2981 5
2982 2982 4
2983 2983 1
2984 2984 4
2985 2985 2
2986 2986 3
2987 2987 1
2988 2988 3
2989 2989 1
2990 2990 1
2991 2991 5
2992 2992 2
2993 2993 3
2994 2994 1
2995 2995 2
2996 2996 1
2997 2997 2
2998 2998 4
2999 2999 5
3000 3000 2
3001 3001 1
3002 3002 1
3003 3003 5
3004 3004 2
3005 3005 1
3006 3006 4
3007 3007 3
3008 3008 5
3009 3009 2
3010 3010 5
3011 3011 1
3012 3012 2
3013 3013 4
3014 3014 2
3015 3015 4
3016 3016 2
3017 3017 2
3018 3018 3
3019 3019 5
3020 3020 4
3021 3021 2
3022 3022 3
3023 3023 3
3024 3024 5
3025 3025 4
3026 3026 2
3027 3027 5
3028 3028 5
3029 3029 4
3030 3030 5
3031 3031 2
3032 3032 4
3033 3033 1
3034 3034 4
3035 3035 3
3036 3036 2
3037 3037 1
3038 3038 4
3039 3039 1
3040 3040 1
3041 3041 1
3042 3042 4
3043 3043 2
3044 3044 1
3045 3045 5
3046 3046 4
3047 3047 1
3048 3048 2
3049 3049 2
3050 3050 1
3051 3051 1
3052 3052 1
3053 3053 3
3054 3054 4
3055 3055 3
3056 3056 2
3057 3057 4
3058 3058 1
3059 3059 5
3060 3060 4
3061 3061 2
3062 3062 2
3063 3063 4
3064 3064 3
3065 3065 3
3066 3066 1
3067 3067 4
3068 3068 1
3069 3069 5
3070 3070 5
3071 3071 1
3072 3072 2
3073 3073 1
3074 3074 3
3075 3075 1
3076 3076 2
3077 3077 2
3078 3078 3
3079 3079 2
3080 3080 1
3081 3081 3
3082 3082 3
3083 3083 4
3084 3084 1
3085 3085 2
3086 3086 1
3087 3087 5
3088 3088 4
3089 3089 2
3090 3090 2
3091 3091 2
3092 3092 4
3093 3093 2
3094 3094 5
3095 3095 2
3096 3096 5
3097 3097 2
3098 3098 2
3099 3099 3
3100 3100 5
3101 3101 1
3102 3102 5
3103 3103 3
3104 3104 3
3105 3105 2
3106 3106 4
3107 3107 2
3108 3108 2
3109 3109 3
3110 3110 4
3111 3111 3
3112 3112 2
3113 3113 2
3114 3114 3
3115 3115 4
3116 3116 2
3117 3117 3
3118 3118 3
3119 3119 2
3120 3120 1
3121 3121 4
3122 3122 4
3123 3123 5
3124 3124 2
3125 3125 2
3126 3126 2
3127 3127 5
3128 3128 4
3129 3129 5
3130 3130 4
3131 3131 1
3132 3132 1
3133 3133 3
3134 3134 5
3135 3135 1
3136 3136 3
3137 3137 4
3138 3138 3
3139 3139 4
3140 3140 2
3141 3141 2
3142 3142 4
3143 3143 4
3144 3144 2
3145 3145 3
3146 3146 3
3147 3147 3
3148 3148 3
3149 3149 2
3150 3150 5
3151 3151 1
3152 3152 1
3153 3153 4
3154 3154 2
3155 3155 2
3156 3156 3
3157 3157 2
3158 3158 5
3159 3159 2
3160 3160 3
3161 3161 3
3162 3162 4
3163 3163 3
3164 3164 2
3165 3165 1
3166 3166 5
3167 3167 5
3168 3168 4
3169 3169 1
3170 3170 2
3171 3171 4
3172 3172 3
3173 3173 3
3174 3174 3
3175 3175 1
3176 3176 3
3177 3177 4
3178 3178 4
3179 3179 2
3180 3180 2
3181 3181 1
3182 3182 5
3183 3183 4
3184 3184 4
3185 3185 5
3186 3186 3
3187 3187 5
3188 3188 2
3189 3189 5
3190 3190 4
3191 3191 3
3192 3192 1
3193 3193 4
3194 3194 1
3195 3195 5
3196 3196 1
3197 3197 4
3198 3198 2
3199 3199 1
3200 3200 2
3201 3201 1
3202 3202 1
3203 3203 4
3204 3204 1
3205 3205 5
3206 3206 5
3207 3207 1
3208 3208 3
3209 3209 1
3210 3210 4
3211 3211 1
3212 3212 2
3213 3213 2
3214 3214 5
3215 3215 5
3216 3216 4
3217 3217 3
3218 3218 4
3219 3219 3
3220 3220 1
3221 3221 3
3222 3222 5
3223 3223 5
3224 3224 5
3225 3225 1
3226 3226 3
3227 3227 1
3228 3228 3
3229 3229 4
3230 3230 4
3231 3231 1
3232 3232 5
3233 3233 2
3234 3234 1
3235 3235 2
3236 3236 1
3237 3237 1
3238 3238 1
3239 3239 3
3240 3240 4
3241 3241 2
3242 3242 1
3243 3243 2
3244 3244 3
3245 3245 1
3246 3246 3
3247 3247 2
3248 3248 3
3249 3249 2
3250 3250 1
3251 3251 2
3252 3252 2
3253 3253 5
3254 3254 3
3255 3255 3
3256 3256 4
3257 3257 5
3258 3258 3
3259 3259 3
3260 3260 2
3261 3261 5
3262 3262 2
3263 3263 1
3264 3264 4
3265 3265 1
3266 3266 1
3267 3267 4
3268 3268 5
3269 3269 4
3270 3270 5
3271 3271 3
3272 3272 4
3273 3273 1
3274 3274 4
3275 3275 5
3276 3276 5
3277 3277 4
3278 3278 1
3279 3279 1
3280 3280 3
3281 3281 1
3282 3282 2
3283 3283 1
3284 3284 5
3285 3285 2
3286 3286 2
3287 3287 4
3288 3288 1
3289 3289 2
3290 3290 1
3291 3291 1
3292 3292 1
3293 3293 4
3294 3294 4
3295 3295 2
3296 3296 5
3297 3297 5
3298 3298 4
3299 3299 5
3300 3300 5
3301 3301 5
3302 3302 3
3303 3303 4
3304 3304 4
3305 3305 4
3306 3306 2
3307 3307 2
3308 3308 1
3309 3309 5
3310 3310 1
3311 3311 4
3312 3312 2
3313 3313 2
3314 3314 4
3315 3315 2
3316 3316 1
3317 3317 5
3318 3318 5
3319 3319 5
3320 3320 5
3321 3321 4
3322 3322 5
3323 3323 3
3324 3324 1
3325 3325 3
3326 3326 3
3327 3327 4
3328 3328 5
3329 3329 2
3330 3330 4
3331 3331 2
3332 3332 2
3333 3333 3
3334 3334 4
3335 3335 1
3336 3336 2
3337 3337 2
3338 3338 1
3339 3339 4
3340 3340 1
3341 3341 3
3342 3342 3
3343 3343 5
3344 3344 4
3345 3345 4
3346 3346 1
3347 3347 1
3348 3348 5
3349 3349 3
3350 3350 5
3351 3351 4
3352 3352 1
3353 3353 5
3354 3354 1
3355 3355 4
3356 3356 5
3357 3357 5
3358 3358 2
3359 3359 1
3360 3360 5
3361 3361 3
3362 3362 1
3363 3363 3
3364 3364 4
3365 3365 4
3366 3366 4
3367 3367 2
3368 3368 2
3369 3369 2
3370 3370 5
3371 3371 2
3372 3372 5
3373 3373 2
3374 3374 4
3375 3375 1
3376 3376 5
3377 3377 2
3378 3378 1
3379 3379 3
3380 3380 1
3381 3381 1
3382 3382 2
3383 3383 5
3384 3384 5
3385 3385 4
3386 3386 3
3387 3387 4
3388 3388 5
3389 3389 2
3390 3390 4
3391 3391 3
3392 3392 3
3393 3393 1
3394 3394 3
3395 3395 5
3396 3396 2
3397 3397 3
3398 3398 1
3399 3399 1
3400 3400 2
3401 3401 3
3402 3402 1
3403 3403 3
3404 3404 1
3405 3405 3
3406 3406 1
3407 3407 3
3408 3408 4
3409 3409 5
3410 3410 2
3411 3411 4
3412 3412 1
3413 3413 1
3414 3414 2
3415 3415 2
3416 3416 4
3417 3417 4
3418 3418 5
3419 3419 5
3420 3420 4
3421 3421 4
3422 3422 4
3423 3423 5
3424 3424 1
3425 3425 1
3426 3426 1
3427 3427 1
3428 3428 1
3429 3429 3
3430 3430 1
3431 3431 2
3432 3432 3
3433 3433 1
3434 3434 5
3435 3435 5
3436 3436 2
3437 3437 4
3438 3438 3
3439 3439 1
3440 3440 3
3441 3441 2
3442 3442 4
3443 3443 3
3444 3444 1
3445 3445 5
3446 3446 5
3447 3447 2
3448 3448 3
3449 3449 2
3450 3450 5
3451 3451 2
3452 3452 4
3453 3453 2
3454 3454 5
3455 3455 2
3456 3456 4
3457 3457 1
3458 3458 2
3459 3459 1
3460 3460 4
3461 3461 5
3462 3462 5
3463 3463 3
3464 3464 4
3465 3465 4
3466 3466 5
3467 3467 5
3468 3468 3
3469 3469 2
3470 3470 3
3471 3471 4
3472 3472 5
3473 3473 4
3474 3474 4
3475 3475 1
3476 3476 3
3477 3477 2
3478 3478 3
3479 3479 1
3480 3480 5
3481 3481 2
3482 3482 1
3483 3483 4
3484 3484 1
3485 3485 1
3486 3486 3
3487 3487 3
3488 3488 2
3489 3489 2
3490 3490 1
3491 3491 4
3492 3492 5
3493 3493 1
3494 3494 4
3495 3495 5
3496 3496 5
3497 3497 5
3498 3498 4
3499 3499 4
3500 3500 3
3501 3501 1
3502 3502 3
3503 3503 3
3504 3504 1
3505 3505 4
3506 3506 1
3507 3507 2
3508 3508 4
3509 3509 1
3510 3510 2
3511 3511 5
3512 3512 4
3513 3513 1
3514 3514 4
3515 3515 3
3516 3516 2
3517 3517 4
3518 3518 2
3519 3519 3
3520 3520 1
3521 3521 5
3522 3522 1
3523 3523 1
3524 3524 3
3525 3525 2
3526 3526 2
3527 3527 1
3528 3528 5
3529 3529 4
3530 3530 2
3531 3531 2
3532 3532 3
3533 3533 1
3534 3534 4
3535 3535 5
3536 3536 2
3537 3537 4
3538 3538 5
3539 3539 4
3540 3540 4
3541 3541 1
3542 3542 3
3543 3543 1
3544 3544 1
3545 3545 5
3546 3546 5
3547 3547 1
3548 3548 1
3549 3549 4
3550 3550 4
3551 3551 2
3552 3552 3
3553 3553 5
3554 3554 2
3555 3555 2
3556 3556 4
3557 3557 2
3558 3558 4
3559 3559 3
3560 3560 2
3561 3561 1
3562 3562 2
3563 3563 2
3564 3564 4
3565 3565 5
3566 3566 3
3567 3567 1
3568 3568 3
3569 3569 1
3570 3570 3
3571 3571 5
3572 3572 1
3573 3573 4
3574 3574 4
3575 3575 5
3576 3576 3
3577 3577 1
3578 3578 5
3579 3579 1
3580 3580 4
3581 3581 2
3582 3582 1
3583 3583 4
3584 3584 5
3585 3585 1
3586 3586 5
3587 3587 1
3588 3588 2
3589 3589 5
3590 3590 5
3591 3591 2
3592 3592 4
3593 3593 4
3594 3594 3
3595 3595 4
3596 3596 4
3597 3597 1
3598 3598 5
3599 3599 1
3600 3600 4
3601 3601 4
3602 3602 4
3603 3603 4
3604 3604 2
3605 3605 5
3606 3606 5
3607 3607 3
3608 3608 3
3609 3609 4
3610 3610 5
3611 3611 1
3612 3612 5
3613 3613 3
3614 3614 5
3615 3615 1
3616 3616 3
3617 3617 1
3618 3618 2
3619 3619 1
3620 3620 2
3621 3621 1
3622 3622 2
3623 3623 3
3624 3624 3
3625 3625 4
3626 3626 4
3627 3627 5
3628 3628 2
3629 3629 4
3630 3630 4
3631 3631 1
3632 3632 2
3633 3633 1
3634 3634 1
3635 3635 4
3636 3636 5
3637 3637 1
3638 3638 3
3639 3639 4
3640 3640 2
3641 3641 1
3642 3642 4
3643 3643 4
3644 3644 1
3645 3645 2
3646 3646 1
3647 3647 5
3648 3648 5
3649 3649 1
3650 3650 2
3651 3651 4
3652 3652 1
3653 3653 3
3654 3654 2
3655 3655 2
3656 3656 3
3657 3657 4
3658 3658 4
3659 3659 5
3660 3660 4
3661 3661 1
3662 3662 3
3663 3663 1
3664 3664 1
3665 3665 5
3666 3666 2
3667 3667 2
3668 3668 4
3669 3669 3
3670 3670 2
3671 3671 5
3672 3672 2
3673 3673 2
3674 3674 1
3675 3675 5
3676 3676 5
3677 3677 3
3678 3678 4
3679 3679 2
3680 3680 1
3681 3681 2
3682 3682 3
3683 3683 1
3684 3684 5
3685 3685 2
3686 3686 1
3687 3687 5
3688 3688 1
3689 3689 1
3690 3690 3
3691 3691 3
3692 3692 3
3693 3693 3
3694 3694 1
3695 3695 4
3696 3696 3
3697 3697 1
3698 3698 4
3699 3699 3
3700 3700 1
3701 3701 1
3702 3702 2
3703 3703 2
3704 3704 5
3705 3705 4
3706 3706 5
3707 3707 2
3708 3708 3
3709 3709 1
3710 3710 5
3711 3711 3
3712 3712 5
3713 3713 4
3714 3714 1
3715 3715 2
3716 3716 2
3717 3717 1
3718 3718 2
3719 3719 1
3720 3720 2
3721 3721 2
3722 3722 1
3723 3723 1
3724 3724 3
3725 3725 1
3726 3726 5
3727 3727 1
3728 3728 2
3729 3729 2
3730 3730 4
3731 3731 4
3732 3732 4
3733 3733 1
3734 3734 1
3735 3735 1
3736 3736 1
3737 3737 4
3738 3738 3
3739 3739 3
3740 3740 5
3741 3741 3
3742 3742 5
3743 3743 1
3744 3744 3
3745 3745 1
3746 3746 4
3747 3747 5
3748 3748 2
3749 3749 2
3750 3750 1
3751 3751 5
3752 3752 1
3753 3753 5
3754 3754 5
3755 3755 5
3756 3756 4
3757 3757 5
3758 3758 1
3759 3759 5
3760 3760 4
3761 3761 2
3762 3762 4
3763 3763 2
3764 3764 4
3765 3765 2
3766 3766 4
3767 3767 1
3768 3768 4
3769 3769 3
3770 3770 4
3771 3771 4
3772 3772 3
3773 3773 5
3774 3774 4
3775 3775 5
3776 3776 1
3777 3777 4
3778 3778 3
3779 3779 2
3780 3780 2
3781 3781 1
3782 3782 2
3783 3783 4
3784 3784 5
3785 3785 1
3786 3786 4
3787 3787 1
3788 3788 1
3789 3789 4
3790 3790 4
3791 3791 1
3792 3792 4
3793 3793 1
3794 3794 2
3795 3795 2
3796 3796 3
3797 3797 5
3798 3798 1
3799 3799 5
3800 3800 5
3801 3801 5
3802 3802 4
3803 3803 5
3804 3804 1
3805 3805 1
3806 3806 3
3807 3807 2
3808 3808 1
3809 3809 2
3810 3810 4
3811 3811 4
3812 3812 5
3813 3813 1
3814 3814 5
3815 3815 2
3816 3816 3
3817 3817 5
3818 3818 4
3819 3819 2
3820 3820 1
3821 3821 3
3822 3822 3
3823 3823 2
3824 3824 5
3825 3825 5
3826 3826 2
3827 3827 5
3828 3828 1
3829 3829 1
3830 3830 2
3831 3831 4
3832 3832 3
3833 3833 5
3834 3834 5
3835 3835 1
3836 3836 5
3837 3837 5
3838 3838 1
3839 3839 4
3840 3840 4
3841 3841 1
3842 3842 5
3843 3843 4
3844 3844 2
3845 3845 1
3846 3846 3
3847 3847 1
3848 3848 3
3849 3849 4
3850 3850 5
3851 3851 3
3852 3852 4
3853 3853 4
3854 3854 4
3855 3855 5
3856 3856 4
3857 3857 3
3858 3858 2
3859 3859 4
3860 3860 4
3861 3861 2
3862 3862 2
3863 3863 5
3864 3864 4
3865 3865 5
3866 3866 2
3867 3867 5
3868 3868 4
3869 3869 2
3870 3870 2
3871 3871 5
3872 3872 2
3873 3873 5
3874 3874 4
3875 3875 4
3876 3876 1
3877 3877 4
3878 3878 4
3879 3879 1
3880 3880 3
3881 3881 3
3882 3882 3
3883 3883 5
3884 3884 3
3885 3885 4
3886 3886 5
3887 3887 4
3888 3888 5
3889 3889 4
3890 3890 1
3891 3891 5
3892 3892 4
3893 3893 1
3894 3894 3
3895 3895 3
3896 3896 5
3897 3897 5
3898 3898 1
3899 3899 2
3900 3900 3
3901 3901 5
3902 3902 1
3903 3903 2
3904 3904 5
3905 3905 4
3906 3906 5
3907 3907 5
3908 3908 2
3909 3909 3
3910 3910 4
3911 3911 3
3912 3912 2
3913 3913 2
3914 3914 4
3915 3915 3
3916 3916 5
3917 3917 3
3918 3918 3
3919 3919 3
3920 3920 5
3921 3921 4
3922 3922 4
3923 3923 4
3924 3924 3
3925 3925 2
3926 3926 4
3927 3927 5
3928 3928 4
3929 3929 5
3930 3930 5
3931 3931 4
3932 3932 5
3933 3933 1
3934 3934 2
3935 3935 2
3936 3936 3
3937 3937 1
3938 3938 1
3939 3939 4
3940 3940 3
3941 3941 4
3942 3942 5
3943 3943 4
3944 3944 5
3945 3945 1
3946 3946 4
3947 3947 1
3948 3948 3
3949 3949 1
3950 3950 3
3951 3951 3
3952 3952 5
3953 3953 4
3954 3954 4
3955 3955 3
3956 3956 2
3957 3957 2
3958 3958 5
3959 3959 2
3960 3960 1
3961 3961 3
3962 3962 2
3963 3963 1
3964 3964 2
3965 3965 5
3966 3966 5
3967 3967 5
3968 3968 1
3969 3969 1
3970 3970 2
3971 3971 4
3972 3972 5
3973 3973 3
3974 3974 4
3975 3975 3
3976 3976 2
3977 3977 3
3978 3978 5
3979 3979 4
3980 3980 4
3981 3981 4
3982 3982 3
3983 3983 2
3984 3984 4
3985 3985 5
3986 3986 2
3987 3987 5
3988 3988 3
3989 3989 1
3990 3990 3
3991 3991 5
3992 3992 2
3993 3993 2
3994 3994 4
3995 3995 3
3996 3996 1
3997 3997 2
3998 3998 4
3999 3999 1
4000 4000 4
4001 4001 4
4002 4002 3
4003 4003 4
4004 4004 1
4005 4005 2
4006 4006 4
4007 4007 3
4008 4008 2
4009 4009 5
4010 4010 2
4011 4011 3
4012 4012 2
4013 4013 2
4014 4014 5
4015 4015 2
4016 4016 3
4017 4017 3
4018 4018 4
4019 4019 1
4020 4020 4
4021 4021 5
4022 4022 2
4023 4023 4
4024 4024 3
4025 4025 2
4026 4026 2
4027 4027 4
4028 4028 5
4029 4029 5
4030 4030 2
4031 4031 3
4032 4032 4
4033 4033 2
4034 4034 1
4035 4035 2
4036 4036 2
4037 4037 4
4038 4038 1
4039 4039 5
4040 4040 5
4041 4041 5
4042 4042 1
4043 4043 2
4044 4044 1
4045 4045 1
4046 4046 2
4047 4047 5
4048 4048 1
4049 4049 4
4050 4050 5
4051 4051 2
4052 4052 5
4053 4053 2
4054 4054 2
4055 4055 5
4056 4056 1
4057 4057 1
4058 4058 1
4059 4059 1
4060 4060 1
4061 4061 5
4062 4062 5
4063 4063 4
4064 4064 1
4065 4065 1
4066 4066 1
4067 4067 2
4068 4068 1
4069 4069 1
4070 4070 3
4071 4071 2
4072 4072 4
4073 4073 5
4074 4074 3
4075 4075 2
4076 4076 4
4077 4077 4
4078 4078 3
4079 4079 1
4080 4080 5
4081 4081 4
4082 4082 4
4083 4083 1
4084 4084 2
4085 4085 4
4086 4086 1
4087 4087 2
4088 4088 3
4089 4089 2
4090 4090 2
4091 4091 1
4092 4092 2
4093 4093 3
4094 4094 1
4095 4095 1
4096 4096 1
4097 4097 1
4098 4098 2
4099 4099 4
4100 4100 2
4101 4101 1
4102 4102 4
4103 4103 5
4104 4104 1
4105 4105 4
4106 4106 3
4107 4107 5
4108 4108 1
4109 4109 5
4110 4110 4
4111 4111 2
4112 4112 2
4113 4113 3
4114 4114 3
4115 4115 3
4116 4116 2
4117 4117 3
4118 4118 3
4119 4119 4
4120 4120 2
4121 4121 1
4122 4122 5
4123 4123 5
4124 4124 4
4125 4125 2
4126 4126 3
4127 4127 2
4128 4128 1
4129 4129 5
4130 4130 5
4131 4131 5
4132 4132 4
4133 4133 5
4134 4134 4
4135 4135 5
4136 4136 5
4137 4137 3
4138 4138 1
4139 4139 5
4140 4140 1
4141 4141 4
4142 4142 1
4143 4143 5
4144 4144 5
4145 4145 4
4146 4146 5
4147 4147 4
4148 4148 2
4149 4149 4
4150 4150 3
4151 4151 1
4152 4152 2
4153 4153 2
4154 4154 3
4155 4155 2
4156 4156 4
4157 4157 4
4158 4158 2
4159 4159 1
4160 4160 1
4161 4161 2
4162 4162 3
4163 4163 1
4164 4164 3
4165 4165 1
4166 4166 2
4167 4167 2
4168 4168 3
4169 4169 5
4170 4170 2
4171 4171 5
4172 4172 1
4173 4173 2
4174 4174 3
4175 4175 5
4176 4176 2
4177 4177 4
4178 4178 4
4179 4179 2
4180 4180 4
4181 4181 1
4182 4182 3
4183 4183 3
4184 4184 2
4185 4185 1
4186 4186 2
4187 4187 4
4188 4188 5
4189 4189 3
4190 4190 4
4191 4191 3
4192 4192 4
4193 4193 2
4194 4194 3
4195 4195 5
4196 4196 3
4197 4197 1
4198 4198 5
4199 4199 1
4200 4200 3
4201 4201 1
4202 4202 3
4203 4203 5
4204 4204 3
4205 4205 2
4206 4206 2
4207 4207 5
4208 4208 5
4209 4209 2
4210 4210 2
4211 4211 3
4212 4212 3
4213 4213 2
4214 4214 5
4215 4215 1
4216 4216 3
4217 4217 1
4218 4218 1
4219 4219 2
4220 4220 2
4221 4221 3
4222 4222 1
4223 4223 3
4224 4224 4
4225 4225 4
4226 4226 3
4227 4227 4
4228 4228 4
4229 4229 5
4230 4230 1
4231 4231 5
4232 4232 4
4233 4233 3
4234 4234 2
4235 4235 3
4236 4236 3
4237 4237 5
4238 4238 3
4239 4239 1
4240 4240 5
4241 4241 5
4242 4242 2
4243 4243 4
4244 4244 5
4245 4245 5
4246 4246 5
4247 4247 1
4248 4248 2
4249 4249 3
4250 4250 4
4251 4251 1
4252 4252 3
4253 4253 4
4254 4254 5
4255 4255 2
4256 4256 4
4257 4257 5
4258 4258 2
4259 4259 3
4260 4260 5
4261 4261 3
4262 4262 4
4263 4263 2
4264 4264 4
4265 4265 3
4266 4266 2
4267 4267 1
4268 4268 3
4269 4269 5
4270 4270 3
4271 4271 5
4272 4272 3
4273 4273 4
4274 4274 3
4275 4275 4
4276 4276 2
4277 4277 1
4278 4278 1
4279 4279 5
4280 4280 5
4281 4281 3
4282 4282 1
4283 4283 1
4284 4284 2
4285 4285 4
4286 4286 1
4287 4287 4
4288 4288 2
4289 4289 4
4290 4290 3
4291 4291 3
4292 4292 2
4293 4293 3
4294 4294 3
4295 4295 1
4296 4296 2
4297 4297 3
4298 4298 2
4299 4299 4
4300 4300 2
4301 4301 5
4302 4302 3
4303 4303 3
4304 4304 5
4305 4305 2
4306 4306 3
4307 4307 2
4308 4308 4
4309 4309 2
4310 4310 1
4311 4311 1
4312 4312 3
4313 4313 4
4314 4314 2
4315 4315 4
4316 4316 3
4317 4317 1
4318 4318 1
4319 4319 4
4320 4320 3
4321 4321 4
4322 4322 4
4323 4323 1
4324 4324 2
4325 4325 1
4326 4326 1
4327 4327 4
4328 4328 3
4329 4329 2
4330 4330 5
4331 4331 4
4332 4332 5
4333 4333 4
4334 4334 4
4335 4335 4
4336 4336 4
4337 4337 4
4338 4338 4
4339 4339 1
4340 4340 5
4341 4341 3
4342 4342 1
4343 4343 1
4344 4344 3
4345 4345 1
4346 4346 1
4347 4347 1
4348 4348 3
4349 4349 3
4350 4350 3
4351 4351 5
4352 4352 5
4353 4353 4
4354 4354 1
4355 4355 2
4356 4356 1
4357 4357 2
4358 4358 2
4359 4359 5
4360 4360 5
4361 4361 3
4362 4362 5
4363 4363 5
4364 4364 3
4365 4365 3
4366 4366 3
4367 4367 5
4368 4368 5
4369 4369 4
4370 4370 4
4371 4371 3
4372 4372 4
4373 4373 4
4374 4374 4
4375 4375 4
4376 4376 2
4377 4377 5
4378 4378 3
4379 4379 5
4380 4380 5
4381 4381 3
4382 4382 4
4383 4383 2
4384 4384 3
4385 4385 2
4386 4386 4
4387 4387 1
4388 4388 5
4389 4389 5
4390 4390 4
4391 4391 1
4392 4392 4
4393 4393 3
4394 4394 5
4395 4395 4
4396 4396 3
4397 4397 1
4398 4398 3
4399 4399 1
4400 4400 3
4401 4401 1
4402 4402 4
4403 4403 3
4404 4404 2
4405 4405 1
4406 4406 4
4407 4407 1
4408 4408 2
4409 4409 2
4410 4410 4
4411 4411 4
4412 4412 3
4413 4413 1
4414 4414 1
4415 4415 4
4416 4416 5
4417 4417 4
4418 4418 2
4419 4419 3
4420 4420 3
4421 4421 2
4422 4422 4
4423 4423 3
4424 4424 4
4425 4425 3
4426 4426 3
4427 4427 4
4428 4428 1
4429 4429 4
4430 4430 2
4431 4431 5
4432 4432 3
4433 4433 3
4434 4434 4
4435 4435 2
4436 4436 4
4437 4437 1
4438 4438 5
4439 4439 4
4440 4440 1
4441 4441 1
4442 4442 1
4443 4443 3
4444 4444 3
4445 4445 2
4446 4446 1
4447 4447 4
4448 4448 3
4449 4449 2
4450 4450 4
4451 4451 1
4452 4452 1
4453 4453 5
4454 4454 4
4455 4455 1
4456 4456 3
4457 4457 2
4458 4458 4
4459 4459 1
4460 4460 2
4461 4461 4
4462 4462 4
4463 4463 5
4464 4464 1
4465 4465 5
4466 4466 3
4467 4467 3
4468 4468 3
4469 4469 2
4470 4470 2
4471 4471 3
4472 4472 2
4473 4473 5
4474 4474 2
4475 4475 4
4476 4476 2
4477 4477 5
4478 4478 1
4479 4479 3
4480 4480 2
4481 4481 2
4482 4482 1
4483 4483 2
4484 4484 1
4485 4485 3
4486 4486 3
4487 4487 2
4488 4488 1
4489 4489 5
4490 4490 2
4491 4491 5
4492 4492 4
4493 4493 1
4494 4494 5
4495 4495 5
4496 4496 4
4497 4497 1
4498 4498 5
4499 4499 2
4500 4500 4
4501 4501 1
4502 4502 2
4503 4503 5
4504 4504 2
4505 4505 2
4506 4506 2
4507 4507 3
4508 4508 2
4509 4509 2
4510 4510 4
4511 4511 3
4512 4512 3
4513 4513 1
4514 4514 3
4515 4515 1
4516 4516 1
4517 4517 1
4518 4518 1
4519 4519 5
4520 4520 3
4521 4521 3
4522 4522 2
4523 4523 3
4524 4524 2
4525 4525 4
4526 4526 2
4527 4527 1
4528 4528 4
4529 4529 1
4530 4530 1
4531 4531 1
4532 4532 5
4533 4533 1
4534 4534 2
4535 4535 1
4536 4536 1
4537 4537 3
4538 4538 5
4539 4539 3
4540 4540 1
4541 4541 3
4542 4542 2
4543 4543 5
4544 4544 2
4545 4545 4
4546 4546 2
4547 4547 3
4548 4548 5
4549 4549 5
4550 4550 2
4551 4551 3
4552 4552 3
4553 4553 2
4554 4554 1
4555 4555 2
4556 4556 2
4557 4557 2
4558 4558 1
4559 4559 3
4560 4560 1
4561 4561 4
4562 4562 5
4563 4563 1
4564 4564 1
4565 4565 5
4566 4566 1
4567 4567 3
4568 4568 5
4569 4569 3
4570 4570 3
4571 4571 2
4572 4572 2
4573 4573 1
4574 4574 1
4575 4575 1
4576 4576 1
4577 4577 5
4578 4578 3
4579 4579 3
4580 4580 2
4581 4581 3
4582 4582 2
4583 4583 4
4584 4584 2
4585 4585 1
4586 4586 5
4587 4587 2
4588 4588 1
4589 4589 2
4590 4590 1
4591 4591 4
4592 4592 1
4593 4593 1
4594 4594 2
4595 4595 5
4596 4596 1
4597 4597 1
4598 4598 4
4599 4599 2
4600 4600 3
4601 4601 4
4602 4602 2
4603 4603 3
4604 4604 3
4605 4605 3
4606 4606 1
4607 4607 1
4608 4608 1
4609 4609 5
4610 4610 4
4611 4611 4
4612 4612 3
4613 4613 1
4614 4614 4
4615 4615 2
4616 4616 3
4617 4617 4
4618 4618 4
4619 4619 5
4620 4620 5
4621 4621 1
4622 4622 3
4623 4623 3
4624 4624 4
4625 4625 1
4626 4626 3
4627 4627 4
4628 4628 4
4629 4629 1
4630 4630 5
4631 4631 2
4632 4632 4
4633 4633 2
4634 4634 5
4635 4635 1
4636 4636 1
4637 4637 1
4638 4638 3
4639 4639 5
4640 4640 2
4641 4641 4
4642 4642 5
4643 4643 5
4644 4644 3
4645 4645 2
4646 4646 2
4647 4647 3
4648 4648 2
4649 4649 4
4650 4650 5
4651 4651 2
4652 4652 4
4653 4653 2
4654 4654 5
4655 4655 1
4656 4656 5
4657 4657 5
4658 4658 1
4659 4659 5
4660 4660 5
4661 4661 3
4662 4662 2
4663 4663 2
4664 4664 5
4665 4665 4
4666 4666 2
4667 4667 5
4668 4668 4
4669 4669 3
4670 4670 1
4671 4671 1
4672 4672 1
4673 4673 1
4674 4674 5
4675 4675 2
4676 4676 1
4677 4677 2
4678 4678 5
4679 4679 5
4680 4680 4
4681 4681 2
4682 4682 3
4683 4683 4
4684 4684 3
4685 4685 4
4686 4686 3
4687 4687 2
4688 4688 2
4689 4689 3
4690 4690 2
4691 4691 2
4692 4692 1
4693 4693 2
4694 4694 4
4695 4695 1
4696 4696 5
4697 4697 3
4698 4698 4
4699 4699 4
4700 4700 4
4701 4701 1
4702 4702 1
4703 4703 4
4704 4704 1
4705 4705 3
4706 4706 2
4707 4707 3
4708 4708 5
4709 4709 1
4710 4710 4
4711 4711 1
4712 4712 4
4713 4713 1
4714 4714 3
4715 4715 4
4716 4716 1
4717 4717 5
4718 4718 2
4719 4719 4
4720 4720 3
4721 4721 4
4722 4722 3
4723 4723 3
4724 4724 2
4725 4725 5
4726 4726 2
4727 4727 5
4728 4728 5
4729 4729 5
4730 4730 4
4731 4731 4
4732 4732 5
4733 4733 5
4734 4734 2
4735 4735 1
4736 4736 1
4737 4737 2
4738 4738 3
4739 4739 5
4740 4740 1
4741 4741 2
4742 4742 4
4743 4743 5
4744 4744 4
4745 4745 1
4746 4746 2
4747 4747 5
4748 4748 1
4749 4749 2
4750 4750 3
4751 4751 5
4752 4752 3
4753 4753 1
4754 4754 1
4755 4755 2
4756 4756 4
4757 4757 1
4758 4758 2
4759 4759 2
4760 4760 2
4761 4761 2
4762 4762 1
4763 4763 1
4764 4764 2
4765 4765 4
4766 4766 4
4767 4767 5
4768 4768 3
4769 4769 2
4770 4770 3
4771 4771 2
4772 4772 5
4773 4773 1
4774 4774 5
4775 4775 1
4776 4776 5
4777 4777 2
4778 4778 5
4779 4779 1
4780 4780 5
4781 4781 3
4782 4782 4
4783 4783 3
4784 4784 5
4785 4785 3
4786 4786 4
4787 4787 3
4788 4788 2
4789 4789 1
4790 4790 2
4791 4791 1
4792 4792 5
4793 4793 4
4794 4794 2
4795 4795 1
4796 4796 4
4797 4797 3
4798 4798 1
4799 4799 2
4800 4800 2
4801 4801 3
4802 4802 5
4803 4803 5
4804 4804 4
4805 4805 2
4806 4806 5
4807 4807 2
4808 4808 4
4809 4809 5
4810 4810 2
4811 4811 1
4812 4812 2
4813 4813 3
4814 4814 4
4815 4815 4
4816 4816 4
4817 4817 4
4818 4818 2
4819 4819 2
4820 4820 2
4821 4821 2
4822 4822 1
4823 4823 4
4824 4824 4
4825 4825 2
4826 4826 4
4827 4827 1
4828 4828 4
4829 4829 4
4830 4830 1
4831 4831 3
4832 4832 2
4833 4833 3
4834 4834 1
4835 4835 5
4836 4836 5
4837 4837 5
4838 4838 5
4839 4839 3
4840 4840 5
4841 4841 3
4842 4842 2
4843 4843 5
4844 4844 1
4845 4845 5
4846 4846 1
4847 4847 5
4848 4848 3
4849 4849 5
4850 4850 4
4851 4851 5
4852 4852 4
4853 4853 1
4854 4854 4
4855 4855 5
4856 4856 4
4857 4857 1
4858 4858 2
4859 4859 1
4860 4860 1
4861 4861 4
4862 4862 3
4863 4863 4
4864 4864 5
4865 4865 4
4866 4866 3
4867 4867 1
4868 4868 5
4869 4869 4
4870 4870 5
4871 4871 2
4872 4872 3
4873 4873 1
4874 4874 3
4875 4875 4
4876 4876 5
4877 4877 1
4878 4878 2
4879 4879 2
4880 4880 5
4881 4881 2
4882 4882 3
4883 4883 5
4884 4884 4
4885 4885 3
4886 4886 4
4887 4887 1
4888 4888 2
4889 4889 1
4890 4890 4
4891 4891 2
4892 4892 4
4893 4893 5
4894 4894 5
4895 4895 4
4896 4896 3
4897 4897 4
4898 4898 4
4899 4899 3
4900 4900 2
4901 4901 1
4902 4902 1
4903 4903 2
4904 4904 2
4905 4905 1
4906 4906 3
4907 4907 4
4908 4908 3
4909 4909 2
4910 4910 4
4911 4911 4
4912 4912 1
4913 4913 2
4914 4914 5
4915 4915 2
4916 4916 2
4917 4917 2
4918 4918 1
4919 4919 2
4920 4920 2
4921 4921 2
4922 4922 1
4923 4923 1
4924 4924 4
4925 4925 4
4926 4926 4
4927 4927 2
4928 4928 3
4929 4929 5
4930 4930 1
4931 4931 1
4932 4932 2
4933 4933 4
4934 4934 5
4935 4935 3
4936 4936 1
4937 4937 2
4938 4938 1
4939 4939 5
4940 4940 1
4941 4941 5
4942 4942 5
4943 4943 2
4944 4944 2
4945 4945 4
4946 4946 2
4947 4947 5
4948 4948 5
4949 4949 3
4950 4950 4
4951 4951 3
4952 4952 2
4953 4953 4
4954 4954 5
4955 4955 5
4956 4956 1
4957 4957 1
4958 4958 2
4959 4959 5
4960 4960 5
4961 4961 4
4962 4962 4
4963 4963 3
4964 4964 1
4965 4965 3
4966 4966 2
4967 4967 5
4968 4968 3
4969 4969 1
4970 4970 1
4971 4971 4
4972 4972 2
4973 4973 4
4974 4974 1
4975 4975 2
4976 4976 5
4977 4977 1
4978 4978 4
4979 4979 1
4980 4980 5
4981 4981 4
4982 4982 2
4983 4983 1
4984 4984 2
4985 4985 3
4986 4986 2
4987 4987 3
4988 4988 5
4989 4989 3
4990 4990 2
4991 4991 2
4992 4992 1
4993 4993 5
4994 4994 2
4995 4995 3
4996 4996 5
4997 4997 2
4998 4998 4
4999 4999 5
5000 5000 2
